        -7.786087e-10 -0.04838658 -0.02430134 -0.02430172 -0.03638491 -0.01216401 -0.09502667 -0.07203506 -0.07203506 -0.08362671 -0.06027916 -0.04838622
        -0.06027915 -0.03638455 -0.04838658 -0.1381698 -0.1171429 -0.1171429 -0.1278056 -0.1062077 -0.17614 -0.157901 -0.157901 -0.1672188
        -0.1482099 -0.1381698 -0.1482099 -0.1278056 -0.1381698 -0.1171429 -0.09502667 -0.1278056 -0.1062077 -0.1171429 -0.09502632 -0.0720347
        -0.1062077 -0.08362636 -0.09502667 -0.0602788 -0.07203505 -0.0836267 -0.09502667 -0.1062077 -0.08362671 -0.2074219 -0.1927031 -0.1927031
        -0.2003029 -0.184642 -0.2307414 -0.2201452 -0.2201452 -0.2257166 -0.2140417 -0.2074219 -0.2140417 -0.2003029 -0.2074219 -0.2451344
        -0.2391002 -0.2391002 -0.2424124 -0.2352065 -0.25 -0.2487804 -0.2487804 -0.2496949 -0.2472589 -0.2451344 -0.2472589 -0.2424124
        -0.2451344 -0.2391002 -0.2307414 -0.2424124 -0.2352065 -0.2391002 -0.2307414 -0.2201452 -0.2352065 -0.2257166 -0.2307414 -0.2140417
        -0.2201452 -0.2257166 -0.2307414 -0.2352065 -0.2257166 -0.2201452 -0.2074219 -0.2257166 -0.2140417 -0.2201452 -0.2074219 -0.1927031
        -0.2140417 -0.2003029 -0.2074219 -0.17614 -0.184642 -0.1927031 -0.2003029 -0.1927031 -0.17614 -0.2003029 -0.184642 -0.1927031
        -0.1761397 -0.1579007 -0.184642 -0.1672185 -0.17614 -0.1381695 -0.1482096 -0.157901 -0.1672188 -0.1171425 -0.157901 -0.1278053
        -0.1381698 -0.1482099 -0.1381698 -0.1062074 -0.1171429 -0.1278056 -0.157901 -0.1672188 -0.1482099 -0.184642 -0.1672188 -0.17614
        -0.17614 -0.17614 -0.1927031 -0.184642 -0.157901 -0.1672188 -0.1927031 -0.2074219 -0.2003029 -0.2140417 -0.184642 -0.2003029
        -0.157901 -0.1482099 -0.1672188 -0.1278056 -0.1482099 -0.1381698 -0.184642 -0.17614 -0.1672188 -0.2451344 -0.2487804 -0.2487804
        -0.2472589 -0.2496949 -0.2307414 -0.2391002 -0.2391002 -0.2352065 -0.2424124 -0.2451344 -0.2424124 -0.2472589 -0.2451344 -0.2074219
        -0.2201452 -0.2201452 -0.2140417 -0.2257166 -0.17614 -0.1927031 -0.1927031 -0.184642 -0.2003029 -0.2074219 -0.2003029 -0.2140417
        -0.2074219 -0.2201452 -0.2307414 -0.2140417 -0.2257166 -0.2201452 -0.2307414 -0.2391002 -0.2257166 -0.2352065 -0.2307414 -0.2424124
        -0.2391002 -0.2352065 -0.2307414 -0.2257166 -0.2352065 -0.1381698 -0.157901 -0.157901 -0.1482099 -0.1672188 -0.09502667 -0.1171429
        -0.1171429 -0.1062077 -0.1278056 -0.1381698 -0.1278056 -0.1482099 -0.1381698 -0.04838658 -0.07203506 -0.07203506 -0.06027916 -0.08362671
        -7.786087e-10 -0.02430134 -0.02430172 -0.01216401 -0.03638491 -0.04838622 -0.03638455 -0.06027915 -0.04838658 -0.0720347 -0.09502667 -0.0602788
        -0.0836267 -0.07203505 -0.09502632 -0.1171429 -0.08362636 -0.1062077 -0.09502667 -0.1278056 -0.1171429 -0.1062077 -0.09502667 -0.08362671
        -0.1062077 -0.1171425 -0.1381698 -0.1062074 -0.1278056 -0.1171429 -0.1381695 -0.157901 -0.1278053 -0.1482099 -0.1381698 -0.17614
        -0.1672188 -0.157901 -0.1482099 -0.1579007 -0.17614 -0.1482096 -0.1672188 -0.157901 -0.1761397 -0.1927031 -0.1672185 -0.184642
        -0.17614 -0.2074219 -0.2003029 -0.1927031 -0.184642 -0.2201452 -0.1927031 -0.2140417 -0.2074219 -0.2003029 -0.2074219 -0.2257166
        -0.2201452 -0.2140417 -0.1927031 -0.184642 -0.2003029 -0.1672188 -0.184642 -0.17614 -0.17614 -0.17614 -0.157901 -0.1672188
        -0.1927031 -0.184642 -0.157901 -0.1381698 -0.1482099 -0.1278056 -0.1672188 -0.1482099 -0.1927031 -0.2003029 -0.184642 -0.2140417
        -0.2003029 -0.2074219 -0.1672188 -0.17614 -0.184642 -0.1927029 -0.2074219 -0.1846417 -0.2003029 -0.1927031 -0.2074217 -0.2201452
        -0.2003027 -0.2140417 -0.2074219 -0.2307414 -0.2257166 -0.2201452 -0.2140417 -0.220145 -0.2307414 -0.2140415 -0.2257166 -0.2201452
        -0.2307412 -0.2391002 -0.2257164 -0.2352065 -0.2307414 -0.2451344 -0.2424124 -0.2391002 -0.2352065 -0.2487804 -0.2391002 -0.2472589
        -0.2451344 -0.2424124 -0.25 -0.2451344 -0.2496949 -0.2487804 -0.2472589 -0.2391002 -0.2352065 -0.2424124 -0.2257166 -0.2352065
        -0.2307414 -0.2391001 -0.2451343 -0.2352063 -0.2424124 -0.2391002 -0.2451343 -0.2487804 -0.2424123 -0.2472589 -0.2451343 -0.25
        -0.2496949 -0.2487804 -0.2472589 -0.2487803 -0.25 -0.2472588 -0.2496949 -0.2487804 -0.25 -0.2487803 -0.2496949 -0.2496949
        -0.25 -0.2451343 -0.2472588 -0.2487804 -0.2496949 -0.2391001 -0.2487804 -0.2424123 -0.2451343 -0.2472589 -0.2307412 -0.2451343
        -0.2352063 -0.2391002 -0.2424124 -0.2487804 -0.2496949 -0.2472589 -0.2496949 -0.2496949 -0.25 -0.220145 -0.2391002 -0.2257164
        -0.2307414 -0.2352065 -0.2074217 -0.2307414 -0.2140415 -0.2201452 -0.2257166 -0.2451344 -0.2391002 -0.2424124 -0.2352065 -0.1927029
        -0.2201452 -0.2003027 -0.2074219 -0.2140417 -0.2074219 -0.1846417 -0.1927031 -0.2003029 -0.2307414 -0.2201452 -0.2257166 -0.2140417
        -0.2451344 -0.2391002 -0.2391002 -0.2424124 -0.2352065 -0.2487804 -0.2487804 -0.2496949 -0.2472589 -0.2472589 -0.2424124 -0.2451344
        -0.2257166 -0.2307414 -0.2352065 -0.2424124 -0.2487804 -0.2496949 -0.2472589 -0.2472589 -0.2451343 -0.2487804 -0.2472589 -0.2496949
        -0.2424124 -0.2472589 -0.2451343 -0.25 -0.2496949 -0.2487804 -0.25 -0.2487804 -0.2496949 -0.25 -0.2496949 -0.2496949
        -0.25 -0.25 -0.2487804 -0.2496949 -0.2487804 -0.2496949 -0.2487804 -0.2451344 -0.2472589 -0.2451344 -0.2391002 -0.2424124
        -0.25 -0.2487804 -0.2496949 -0.2472589 -0.2451344 -0.2487804 -0.2487804 -0.2472589 -0.2496949 -0.2391002 -0.2424124 -0.2472589
        -0.2451344 -0.2496949 -0.25 -0.2496949 -0.2391002 -0.2307414 -0.2352065 -0.2307414 -0.2201452 -0.2257166 -0.2451344 -0.2391002
        -0.2424124 -0.2352065 -0.2201452 -0.2074219 -0.2140417 -0.2003029 -0.2257166 -0.2140417 -0.2391002 -0.2424124 -0.2352065 -0.2487804
        -0.2496949 -0.2472589 -0.2472589 -0.2424124 -0.2451344 -0.2257166 -0.2307414 -0.2352065 -0.2487804 -0.2472589 -0.2496949 -0.2391002
        -0.2352065 -0.2424124 -0.2451344 -0.2424124 -0.2472589 -0.2451344 -0.2201452 -0.2140417 -0.2257166 -0.2003029 -0.2140417 -0.2074219
        -0.2307414 -0.2257166 -0.2201452 -0.2391002 -0.2352065 -0.2307414 -0.2424124 -0.2391002 -0.2352065 -0.2307414 -0.2257166 -0.2352065
        -0.2424124 -0.2487804 -0.2472589 -0.2451344 -0.2496949 -0.2472589 -0.25 -0.2496949 -0.2487804 -0.25 -0.2487804 -0.2496949
        -0.2487804 -0.2451344 -0.2472589 -0.2424124 -0.2496949 -0.2472589 -0.2496949 -0.2496949 -0.25 -7.787253e-10 -7.78705e-10 -0.0121643
        -7.787291e-10 -0.02430165 -7.787286e-10 -0.01216429 -0.0121643 -0.03638488 -0.02430166 -7.787292e-10 -0.02430165 -7.787292e-10 -0.01216429 -0.01216429
        -7.787291e-10 -0.02430165 -7.787291e-10 -0.01216429 -0.01216429 -0.04838655 -0.03638487 -0.03638487 -0.02430165 -0.07203504 -0.04838655 -0.06027914
        -0.06027914 -0.04838655 -0.08362669 -0.07203504 -0.04838656 -0.06027914 -0.02430165 -0.03638487 -0.03638488 -7.787291e-10 -0.02430165 -7.787291e-10
        -0.01216429 -0.01216429 -7.787291e-10 -0.02430165 -7.787291e-10 -0.01216429 -0.01216429 -0.04838655 -0.03638487 -0.03638487 -0.02430165 -7.787291e-10
        -0.02430165 -7.787291e-10 -0.01216429 -0.01216429 -7.787291e-10 -0.02430165 -7.787291e-10 -0.01216429 -0.01216429 -0.04838655 -0.03638487 -0.03638487
        -0.02430165 -0.07203503 -0.04838655 -0.06027913 -0.06027913 -0.04838655 -0.09502665 -0.07203503 -0.08362669 -0.08362669 -0.07203503 -0.06027913
        -0.04838655 -0.06027913 -0.02430165 -0.03638487 -0.03638487 -0.1171429 -0.09502665 -0.1062077 -0.1062077 -0.09502665 -0.1381698 -0.1171429
        -0.1278056 -0.1278056 -0.1171429 -0.09502665 -0.1062077 -0.09502665 -0.1062077 -0.1579009 -0.1381698 -0.1482099 -0.1482099 -0.1381698
        -0.1672188 -0.157901 -0.1381698 -0.1482099 -0.1171429 -0.1171429 -0.1278056 -0.09502666 -0.09502666 -0.1062077 -0.09502665 -0.1062077
        -0.1062077 -0.1278056 -0.1278056 -0.1171429 -0.02430165 -0.04838655 -0.04838655 -0.03638487 -0.04838655 -0.03638487 -0.07203503 -0.07203503
        -0.06027913 -0.08362669 -0.08362669 -0.08362669 -0.07203504 -0.08362669 -0.08362669 -0.08362669 -0.06027914 -0.07203504 -0.06027913 -0.07203504
        -0.06027914 -7.787291e-10 -0.02430165 -7.787291e-10 -0.01216429 -0.01216429 -7.787291e-10 -0.02430165 -7.787291e-10 -0.01216429 -0.01216429 -0.04838655
        -0.03638487 -0.03638487 -0.02430165 -7.787291e-10 -0.02430165 -7.787291e-10 -0.01216429 -0.01216429 -7.787291e-10 -0.02430165 -7.787291e-10 -0.01216429
        -0.01216429 -0.04838655 -0.03638487 -0.03638487 -0.02430165 -0.07203503 -0.04838655 -0.06027913 -0.06027913 -0.04838655 -0.09502665 -0.07203503
        -0.08362669 -0.08362669 -0.07203503 -0.06027913 -0.04838655 -0.06027913 -0.02430165 -0.03638487 -0.03638487 -7.787292e-10 -0.02430165 -7.787291e-10
        -0.01216429 -0.01216429 -7.787291e-10 -0.02430165 -7.787292e-10 -0.01216429 -0.01216429 -0.04838655 -0.03638487 -0.03638487 -0.02430165 -7.787253e-10
        -0.02430165 -7.787286e-10 -0.0121643 -0.01216429 -7.786087e-10 -0.02430134 -7.78705e-10 -0.01216401 -0.0121643 -0.04838622 -0.03638455 -0.03638488
        -0.02430166 -0.0720347 -0.04838655 -0.0602788 -0.06027914 -0.04838656 -0.09502632 -0.07203504 -0.08362636 -0.08362669 -0.07203504 -0.06027914
        -0.04838655 -0.06027914 -0.02430165 -0.03638488 -0.03638487 -0.1171425 -0.09502666 -0.1062074 -0.1062077 -0.09502666 -0.1381695 -0.1171429
        -0.1278053 -0.1278056 -0.1171429 -0.09502665 -0.1062077 -0.09502665 -0.1062077 -0.1579007 -0.1381698 -0.1482096 -0.1482099 -0.1381698
        -0.1761397 -0.1579009 -0.1672185 -0.1672188 -0.157901 -0.1381698 -0.1482099 -0.1381698 -0.1482099 -0.1171429 -0.1171429 -0.1278056
        -0.1171429 -0.1278056 -0.09502665 -0.1062077 -0.09502665 -0.1062077 -0.09502665 -0.1062077 -0.1062077 -0.1278056 -0.1278056 -0.1171429
        -0.02430165 -0.04838655 -0.04838655 -0.03638487 -0.04838655 -0.03638487 -0.07203504 -0.07203504 -0.06027914 -0.08362669 -0.08362669 -0.08362669
        -0.07203503 -0.08362669 -0.08362669 -0.08362669 -0.06027913 -0.07203503 -0.06027914 -0.07203504 -0.06027913 -0.1927029 -0.17614 -0.1846417
        -0.1846419 -0.17614 -0.2074217 -0.1927031 -0.2003027 -0.2003029 -0.1927031 -0.17614 -0.1846419 -0.17614 -0.1846419 -0.220145
        -0.2074219 -0.2140415 -0.2140417 -0.2074219 -0.2307412 -0.2201452 -0.2257164 -0.2257166 -0.2201452 -0.2074219 -0.2140417 -0.2074219
        -0.2140417 -0.1927031 -0.1927031 -0.2003029 -0.1927031 -0.2003029 -0.17614 -0.17614 -0.1846419 -0.17614 -0.1846419 -0.17614
        -0.1846419 -0.1846419 -0.2003029 -0.2003029 -0.1927031 -0.2391001 -0.2307414 -0.2352063 -0.2352065 -0.2307414 -0.2451343 -0.2391002
        -0.2424123 -0.2424124 -0.2391002 -0.2307414 -0.2352065 -0.2307414 -0.2352065 -0.2487803 -0.2451343 -0.2472588 -0.2472588 -0.2451343
        -0.2496949 -0.2487804 -0.2451343 -0.2472588 -0.2391002 -0.2391002 -0.2424124 -0.2307414 -0.2307414 -0.2352065 -0.2307414 -0.2352065
        -0.2352065 -0.2424124 -0.2424124 -0.2391002 -0.2201452 -0.2201452 -0.2257166 -0.2074219 -0.2074219 -0.2140417 -0.2074219 -0.2074219
        -0.2140417 -0.2140417 -0.1927031 -0.1927031 -0.2003029 -0.17614 -0.17614 -0.1846419 -0.17614 -0.17614 -0.1846419 -0.1846419
        -0.17614 -0.1927031 -0.17614 -0.1846419 -0.1846419 -0.1927031 -0.17614 -0.1846419 -0.1846419 -0.2003029 -0.2003029 -0.1927031
        -0.2003029 -0.1927031 -0.2003029 -0.2257166 -0.2201452 -0.2257166 -0.2257166 -0.2140417 -0.2201452 -0.2201452 -0.2257166 -0.2257166
        -0.2257166 -0.2140417 -0.2201452 -0.2074219 -0.2003029 -0.2074219 -0.1927031 -0.2074219 -0.2003029 -0.2201452 -0.2140417 -0.2140417
        -0.02430165 -0.04838655 -0.04838655 -0.03638487 -0.04838655 -0.03638487 -0.07203503 -0.07203503 -0.06027913 -0.09502665 -0.09502665 -0.08362669
        -0.09502665 -0.09502665 -0.08362669 -0.08362669 -0.09502665 -0.07203503 -0.09502665 -0.08362669 -0.08362669 -0.09502665 -0.08362669 -0.06027913
        -0.07203503 -0.06027913 -0.07203503 -0.06027913 -0.1171429 -0.1171429 -0.1062077 -0.1381698 -0.1381698 -0.1278056 -0.1381698 -0.1381698
        -0.1278056 -0.1278056 -0.1579009 -0.1579009 -0.1482099 -0.1672188 -0.1672188 -0.1672188 -0.1579009 -0.1672188 -0.1672188 -0.1579009
        -0.1672188 -0.1672188 -0.1482099 -0.1482099 -0.1579009 -0.1482099 -0.1579009 -0.1482099 -0.1579009 -0.1672188 -0.1672188 -0.1579009
        -0.1672188 -0.1672188 -0.1381698 -0.1482099 -0.1482099 -0.1579009 -0.1579009 -0.1672188 -0.1672188 -0.1672188 -0.1482099 -0.1579009
        -0.1381698 -0.1278056 -0.1381698 -0.1171429 -0.1062077 -0.1171429 -0.1278056 -0.1381698 -0.1278056 -0.1579009 -0.1482099 -0.1482099
        -0.1062077 -0.1171429 -0.1278056 -0.1171429 -0.1062077 -0.1062077 -0.1381698 -0.1482099 -0.1381698 -0.1579009 -0.1381698 -0.1482099
        -0.1171429 -0.1171429 -0.1278056 -0.1062077 -0.1062077 -0.1062077 -0.1278056 -0.1278056 -0.1171429 -0.04838658 -0.02430172 -0.03638491
        -0.09502667 -0.07203506 -0.07203506 -0.08362671 -0.06027916 -0.06027915 -0.04838658 -0.1381698 -0.1171429 -0.1171429 -0.1278056 -0.1062077
        -0.17614 -0.157901 -0.157901 -0.1672188 -0.1482099 -0.1381698 -0.1482099 -0.1278056 -0.1381698 -0.1171429 -0.09502667 -0.1278056
        -0.1062077 -0.1171429 -0.1062077 -0.09502667 -0.07203505 -0.0836267 -0.09502667 -0.1062077 -0.08362671 -0.2074219 -0.1927031 -0.1927031
        -0.2003029 -0.184642 -0.2307414 -0.2201452 -0.2201452 -0.2257166 -0.2140417 -0.2074219 -0.2140417 -0.2003029 -0.2074219 -0.2451344
        -0.2391002 -0.2391002 -0.2424124 -0.2352065 -0.25 -0.2487804 -0.2487804 -0.2496949 -0.2472589 -0.2451344 -0.2472589 -0.2424124
        -0.2451344 -0.2391002 -0.2307414 -0.2424124 -0.2352065 -0.2391002 -0.2307414 -0.2201452 -0.2352065 -0.2257166 -0.2307414 -0.2140417
        -0.2201452 -0.2257166 -0.2307414 -0.2352065 -0.2257166 -0.2201452 -0.2074219 -0.2257166 -0.2140417 -0.2201452 -0.2074219 -0.1927031
        -0.2140417 -0.2003029 -0.2074219 -0.17614 -0.184642 -0.1927031 -0.2003029 -0.1927031 -0.17614 -0.2003029 -0.184642 -0.1927031
        -0.184642 -0.17614 -0.157901 -0.1672188 -0.157901 -0.1381698 -0.1482099 -0.1381698 -0.1171429 -0.1278056 -0.157901 -0.1672188
        -0.1482099 -0.184642 -0.1672188 -0.17614 -0.17614 -0.17614 -0.1927031 -0.184642 -0.157901 -0.1672188 -0.1927031 -0.2074219
        -0.2003029 -0.2140417 -0.184642 -0.2003029 -0.157901 -0.1482099 -0.1672188 -0.1278056 -0.1482099 -0.1381698 -0.184642 -0.17614
        -0.1672188 -0.2451344 -0.2487804 -0.2487804 -0.2472589 -0.2496949 -0.2307414 -0.2391002 -0.2391002 -0.2352065 -0.2424124 -0.2451344
        -0.2424124 -0.2472589 -0.2451344 -0.2074219 -0.2201452 -0.2201452 -0.2140417 -0.2257166 -0.17614 -0.1927031 -0.1927031 -0.184642
        -0.2003029 -0.2074219 -0.2003029 -0.2140417 -0.2074219 -0.2201452 -0.2307414 -0.2140417 -0.2257166 -0.2201452 -0.2307414 -0.2391002
        -0.2257166 -0.2352065 -0.2307414 -0.2424124 -0.2391002 -0.2352065 -0.2307414 -0.2257166 -0.2352065 -0.1381698 -0.157901 -0.157901
        -0.1482099 -0.1672188 -0.09502667 -0.1171429 -0.1171429 -0.1062077 -0.1278056 -0.1381698 -0.1278056 -0.1482099 -0.1381698 -0.04838658
        -0.07203506 -0.07203506 -0.06027916 -0.08362671 -7.786087e-10 -0.02430134 -0.02430172 -0.01216401 -0.03638491 -0.04838622 -0.03638455 -0.06027915
        -0.04838658 -0.0720347 -0.09502667 -0.0602788 -0.0836267 -0.07203505 -0.09502632 -0.1171429 -0.08362636 -0.1062077 -0.09502667 -0.1278056
        -0.1171429 -0.1062077 -0.09502667 -0.08362671 -0.1062077 -0.1171425 -0.1381698 -0.1062074 -0.1278056 -0.1171429 -0.1381695 -0.157901
        -0.1278053 -0.1482099 -0.1381698 -0.17614 -0.1672188 -0.157901 -0.1482099 -0.1579007 -0.17614 -0.1482096 -0.1672188 -0.157901
        -0.1761397 -0.1927031 -0.1672185 -0.184642 -0.17614 -0.2074219 -0.2003029 -0.1927031 -0.184642 -0.2201452 -0.1927031 -0.2140417
        -0.2074219 -0.2003029 -0.2074219 -0.2257166 -0.2201452 -0.2140417 -0.1927031 -0.184642 -0.2003029 -0.1672188 -0.184642 -0.17614
        -0.17614 -0.17614 -0.157901 -0.1672188 -0.1927031 -0.184642 -0.157901 -0.1381698 -0.1482099 -0.1278056 -0.1672188 -0.1482099
        -0.1927031 -0.2003029 -0.184642 -0.2140417 -0.2003029 -0.2074219 -0.1672188 -0.17614 -0.184642 -0.1927029 -0.2074219 -0.1846417
        -0.2003029 -0.1927031 -0.2074217 -0.2201452 -0.2003027 -0.2140417 -0.2074219 -0.2307414 -0.2257166 -0.2201452 -0.2140417 -0.220145
        -0.2307414 -0.2140415 -0.2257166 -0.2201452 -0.2307412 -0.2391002 -0.2257164 -0.2352065 -0.2307414 -0.2451344 -0.2424124 -0.2391002
        -0.2352065 -0.2487804 -0.2391002 -0.2472589 -0.2451344 -0.2424124 -0.25 -0.2451344 -0.2496949 -0.2487804 -0.2472589 -0.2391002
        -0.2352065 -0.2424124 -0.2257166 -0.2352065 -0.2307414 -0.2391001 -0.2451343 -0.2352063 -0.2424124 -0.2391002 -0.2451343 -0.2487804
        -0.2424123 -0.2472589 -0.2451343 -0.25 -0.2496949 -0.2487804 -0.2472589 -0.2487803 -0.25 -0.2472588 -0.2496949 -0.2487804
        -0.2496949 -0.25 -0.2487804 -0.2496949 -0.2487804 -0.2451343 -0.2472589 -0.2451343 -0.2391002 -0.2424124 -0.2487804 -0.2496949
        -0.2472589 -0.2496949 -0.2496949 -0.25 -0.2391002 -0.2307414 -0.2352065 -0.2307414 -0.2201452 -0.2257166 -0.2451344 -0.2391002
        -0.2424124 -0.2352065 -0.2201452 -0.2074219 -0.2140417 -0.2074219 -0.1927031 -0.2003029 -0.2307414 -0.2201452 -0.2257166 -0.2140417
        -0.2451344 -0.2391002 -0.2391002 -0.2424124 -0.2352065 -0.2487804 -0.2487804 -0.2496949 -0.2472589 -0.2472589 -0.2424124 -0.2451344
        -0.2257166 -0.2307414 -0.2352065 -0.2424124 -0.2487804 -0.2496949 -0.2472589 -0.2472589 -0.2451343 -0.2487804 -0.2472589 -0.2496949
        -0.2424124 -0.2472589 -0.2451343 -0.25 -0.2496949 -0.2487804 -0.25 -0.2487804 -0.2496949 -0.25 -0.2496949 -0.2496949
        -0.25 -0.25 -0.2487804 -0.2496949 -0.2487804 -0.2496949 -0.2487804 -0.2451344 -0.2472589 -0.2451344 -0.2391002 -0.2424124
        -0.25 -0.2487804 -0.2496949 -0.2472589 -0.2451344 -0.2487804 -0.2487804 -0.2472589 -0.2496949 -0.2391002 -0.2424124 -0.2472589
        -0.2451344 -0.2496949 -0.25 -0.2496949 -0.2391002 -0.2307414 -0.2352065 -0.2307414 -0.2201452 -0.2257166 -0.2451344 -0.2391002
        -0.2424124 -0.2352065 -0.2201452 -0.2074219 -0.2140417 -0.2003029 -0.2257166 -0.2140417 -0.2391002 -0.2424124 -0.2352065 -0.2487804
        -0.2496949 -0.2472589 -0.2472589 -0.2424124 -0.2451344 -0.2257166 -0.2307414 -0.2352065 -0.2487804 -0.2472589 -0.2496949 -0.2391002
        -0.2352065 -0.2424124 -0.2451344 -0.2424124 -0.2472589 -0.2451344 -0.2201452 -0.2140417 -0.2257166 -0.2003029 -0.2140417 -0.2074219
        -0.2307414 -0.2257166 -0.2201452 -0.2391002 -0.2352065 -0.2307414 -0.2424124 -0.2391002 -0.2352065 -0.2307414 -0.2257166 -0.2352065
        -0.2424124 -0.2487804 -0.2472589 -0.2451344 -0.2496949 -0.2472589 -0.25 -0.2496949 -0.2487804 -0.25 -0.2487804 -0.2496949
        -0.2487804 -0.2451344 -0.2472589 -0.2424124 -0.2496949 -0.2472589 -0.2496949 -0.2496949 -0.25 -7.787253e-10 -7.78705e-10 -0.0121643
        -7.787291e-10 -0.02430165 -7.787286e-10 -0.01216429 -0.0121643 -0.03638488 -0.02430166 -7.787292e-10 -0.02430165 -7.787292e-10 -0.01216429 -0.01216429
        -7.787291e-10 -0.02430165 -7.787291e-10 -0.01216429 -0.01216429 -0.04838655 -0.03638487 -0.03638487 -0.02430165 -0.07203504 -0.04838655 -0.06027914
        -0.06027914 -0.04838655 -0.08362669 -0.07203504 -0.04838656 -0.06027914 -0.02430165 -0.03638487 -0.03638488 -7.787291e-10 -0.02430165 -7.787291e-10
        -0.01216429 -0.01216429 -7.787291e-10 -0.02430165 -7.787291e-10 -0.01216429 -0.01216429 -0.04838655 -0.03638487 -0.03638487 -0.02430165 -7.787291e-10
        -0.02430165 -7.787291e-10 -0.01216429 -0.01216429 -7.787291e-10 -0.02430165 -7.787291e-10 -0.01216429 -0.01216429 -0.04838655 -0.03638487 -0.03638487
        -0.02430165 -0.07203503 -0.04838655 -0.06027913 -0.06027913 -0.04838655 -0.09502665 -0.07203503 -0.08362669 -0.08362669 -0.07203503 -0.06027913
        -0.04838655 -0.06027913 -0.02430165 -0.03638487 -0.03638487 -0.1171429 -0.09502665 -0.1062077 -0.1062077 -0.09502665 -0.1381698 -0.1171429
        -0.1278056 -0.1278056 -0.1171429 -0.09502665 -0.1062077 -0.09502665 -0.1062077 -0.1579009 -0.1381698 -0.1482099 -0.1482099 -0.1381698
        -0.1672188 -0.157901 -0.1381698 -0.1482099 -0.1171429 -0.1171429 -0.1278056 -0.09502666 -0.09502666 -0.1062077 -0.09502665 -0.1062077
        -0.1062077 -0.1278056 -0.1278056 -0.1171429 -0.02430165 -0.04838655 -0.04838655 -0.03638487 -0.04838655 -0.03638487 -0.07203503 -0.07203503
        -0.06027913 -0.08362669 -0.08362669 -0.08362669 -0.07203504 -0.08362669 -0.08362669 -0.08362669 -0.06027914 -0.07203504 -0.06027913 -0.07203504
        -0.06027914 -7.787291e-10 -0.02430165 -7.787291e-10 -0.01216429 -0.01216429 -7.787291e-10 -0.02430165 -7.787291e-10 -0.01216429 -0.01216429 -0.04838655
        -0.03638487 -0.03638487 -0.02430165 -7.787291e-10 -0.02430165 -7.787291e-10 -0.01216429 -0.01216429 -7.787291e-10 -0.02430165 -7.787291e-10 -0.01216429
        -0.01216429 -0.04838655 -0.03638487 -0.03638487 -0.02430165 -0.07203503 -0.04838655 -0.06027913 -0.06027913 -0.04838655 -0.09502665 -0.07203503
        -0.08362669 -0.08362669 -0.07203503 -0.06027913 -0.04838655 -0.06027913 -0.02430165 -0.03638487 -0.03638487 -7.787292e-10 -0.02430165 -7.787291e-10
        -0.01216429 -0.01216429 -7.787291e-10 -0.02430165 -7.787292e-10 -0.01216429 -0.01216429 -0.04838655 -0.03638487 -0.03638487 -0.02430165 -7.787253e-10
        -0.02430165 -7.787286e-10 -0.0121643 -0.01216429 -7.78705e-10 -0.0121643 -0.03638488 -0.02430166 -0.04838655 -0.06027914 -0.04838656 -0.07203504
        -0.08362669 -0.07203504 -0.06027914 -0.04838655 -0.06027914 -0.02430165 -0.03638488 -0.03638487 -0.09502666 -0.1062077 -0.09502666 -0.1171429
        -0.1278056 -0.1171429 -0.09502665 -0.1062077 -0.09502665 -0.1062077 -0.1381698 -0.1482099 -0.1381698 -0.1579009 -0.1672188 -0.157901
        -0.1381698 -0.1482099 -0.1381698 -0.1482099 -0.1171429 -0.1171429 -0.1278056 -0.1171429 -0.1278056 -0.09502665 -0.1062077 -0.09502665
        -0.1062077 -0.09502665 -0.1062077 -0.1062077 -0.1278056 -0.1278056 -0.1171429 -0.02430165 -0.04838655 -0.04838655 -0.03638487 -0.04838655
        -0.03638487 -0.07203504 -0.07203504 -0.06027914 -0.08362669 -0.08362669 -0.08362669 -0.07203503 -0.08362669 -0.08362669 -0.08362669 -0.06027913
        -0.07203503 -0.06027914 -0.07203504 -0.06027913 -0.17614 -0.1846419 -0.17614 -0.1927031 -0.2003029 -0.1927031 -0.17614 -0.1846419
        -0.17614 -0.1846419 -0.2074219 -0.2140417 -0.2074219 -0.2201452 -0.2257166 -0.2201452 -0.2074219 -0.2140417 -0.2074219 -0.2140417
        -0.1927031 -0.1927031 -0.2003029 -0.1927031 -0.2003029 -0.17614 -0.17614 -0.1846419 -0.17614 -0.1846419 -0.17614 -0.1846419
        -0.1846419 -0.2003029 -0.2003029 -0.1927031 -0.2307414 -0.2352065 -0.2307414 -0.2391002 -0.2424124 -0.2391002 -0.2307414 -0.2352065
        -0.2307414 -0.2352065 -0.2451343 -0.2472588 -0.2451343 -0.2487804 -0.2451343 -0.2472588 -0.2391002 -0.2391002 -0.2424124 -0.2307414
        -0.2307414 -0.2352065 -0.2307414 -0.2352065 -0.2352065 -0.2424124 -0.2424124 -0.2391002 -0.2201452 -0.2201452 -0.2257166 -0.2074219
        -0.2074219 -0.2140417 -0.2074219 -0.2074219 -0.2140417 -0.2140417 -0.1927031 -0.1927031 -0.2003029 -0.17614 -0.17614 -0.1846419
        -0.17614 -0.17614 -0.1846419 -0.1846419 -0.17614 -0.1927031 -0.17614 -0.1846419 -0.1846419 -0.1927031 -0.17614 -0.1846419
        -0.1846419 -0.2003029 -0.2003029 -0.1927031 -0.2003029 -0.1927031 -0.2003029 -0.2257166 -0.2201452 -0.2257166 -0.2257166 -0.2140417
        -0.2201452 -0.2201452 -0.2257166 -0.2257166 -0.2257166 -0.2140417 -0.2201452 -0.2074219 -0.2003029 -0.2074219 -0.1927031 -0.2074219
        -0.2003029 -0.2201452 -0.2140417 -0.2140417 -0.02430165 -0.04838655 -0.04838655 -0.03638487 -0.04838655 -0.03638487 -0.07203503 -0.07203503
        -0.06027913 -0.09502665 -0.09502665 -0.08362669 -0.09502665 -0.09502665 -0.08362669 -0.08362669 -0.09502665 -0.07203503 -0.09502665 -0.08362669
        -0.08362669 -0.09502665 -0.08362669 -0.06027913 -0.07203503 -0.06027913 -0.07203503 -0.06027913 -0.1171429 -0.1171429 -0.1062077 -0.1381698
        -0.1381698 -0.1278056 -0.1381698 -0.1381698 -0.1278056 -0.1278056 -0.1579009 -0.1579009 -0.1482099 -0.1672188 -0.1672188 -0.1672188
        -0.1579009 -0.1672188 -0.1672188 -0.1579009 -0.1672188 -0.1672188 -0.1482099 -0.1482099 -0.1579009 -0.1482099 -0.1579009 -0.1482099
        -0.1579009 -0.1672188 -0.1672188 -0.1579009 -0.1672188 -0.1672188 -0.1381698 -0.1482099 -0.1482099 -0.1579009 -0.1579009 -0.1672188
        -0.1672188 -0.1672188 -0.1482099 -0.1579009 -0.1381698 -0.1278056 -0.1381698 -0.1171429 -0.1062077 -0.1171429 -0.1278056 -0.1381698
        -0.1278056 -0.1579009 -0.1482099 -0.1482099 -0.1062077 -0.1171429 -0.1278056 -0.1171429 -0.1062077 -0.1062077 -0.1381698 -0.1482099
        -0.1381698 -0.1579009 -0.1381698 -0.1482099 -0.1171429 -0.1171429 -0.1278056 -0.1062077 -0.1062077 -0.1062077 -0.1278056 -0.1278056
        -0.1171429 -0.01216445 -0.006084131 -0.01823804 -0.03638492 -0.03035179 -0.04239766 -0.03035169 -0.02430171 -0.01823825 -0.06027916 -0.05434823
        -0.06617592 -0.0836267 -0.07785313 -0.08935235 -0.07785313 -0.07203505 -0.06617592 -0.06617591 -0.06027916 -0.05434823 -0.05434814 -0.04838657
        -0.04239781 -0.03035194 -0.04239756 -0.03638491 -0.04838658 -0.05434823 -0.04239766 -0.1062077 -0.1006462 -0.1117077 -0.1278056 -0.1225099
        -0.1330266 -0.1225099 -0.1171429 -0.1117077 -0.1482099 -0.1432319 -0.1531006 -0.1672188 -0.162608 -0.1717304 -0.162608 -0.1579009
        -0.1531006 -0.1531006 -0.1482099 -0.1432319 -0.1432319 -0.1381698 -0.1330266 -0.1225099 -0.1330266 -0.1278056 -0.1381698 -0.1432319
        -0.1330266 -0.1330266 -0.1278056 -0.1225099 -0.1225099 -0.1171429 -0.1117077 -0.1006462 -0.1117077 -0.1062077 -0.1117077 -0.1062077
        -0.1006462 -0.1006461 -0.09502666 -0.08935252 -0.07785329 -0.08935226 -0.08362669 -0.06617608 -0.07785303 -0.07203505 -0.05434839 -0.06617582
        -0.06027915 -0.0836267 -0.07785312 -0.08935235 -0.1006462 -0.08935235 -0.09502666 -0.09502666 -0.1006462 -0.1062077 -0.0836267 -0.08935235
        -0.1117077 -0.1171429 -0.1225099 -0.1117077 -0.1006462 -0.08935235 -0.07785312 -0.06617591 -0.07203505 -0.07785313 -0.1006462 -0.09502666
        -0.08935235 -0.1846419 -0.1804447 -0.1887289 -0.2003029 -0.1965619 -0.2039237 -0.1965619 -0.1927031 -0.1887289 -0.2140416 -0.2107953
        -0.217159 -0.2257165 -0.2229983 -0.2282981 -0.2229983 -0.2201451 -0.217159 -0.217159 -0.2140416 -0.2107953 -0.2107953 -0.2074219
        -0.2039237 -0.1965619 -0.2039237 -0.2003029 -0.2074219 -0.2107953 -0.2039237 -0.2352065 -0.2330446 -0.2372254 -0.2424124 -0.2408296
        -0.2438476 -0.2408296 -0.2391002 -0.2372254 -0.2472588 -0.2462716 -0.2480953 -0.2496949 -0.2493137 -0.2499237 -0.2493137 -0.2487804
        -0.2480953 -0.2480953 -0.2472588 -0.2462716 -0.2462716 -0.2451343 -0.2438476 -0.2408296 -0.2438476 -0.2424124 -0.2451343 -0.2462716
        -0.2438476 -0.2438476 -0.2424124 -0.2408296 -0.2408296 -0.2391002 -0.2372254 -0.2330446 -0.2372254 -0.2352065 -0.2372254 -0.2352065
        -0.2330446 -0.2330446 -0.2307413 -0.2282981 -0.2229983 -0.2282981 -0.2257165 -0.217159 -0.2229983 -0.2201451 -0.2107953 -0.217159
        -0.2140416 -0.2257165 -0.2229983 -0.2282981 -0.2330446 -0.2282981 -0.2307413 -0.2307413 -0.2330446 -0.2352065 -0.2257165 -0.2282981
        -0.2372254 -0.2391002 -0.2408296 -0.2372254 -0.2330446 -0.2282981 -0.2229983 -0.217159 -0.2201451 -0.2229983 -0.2330446 -0.2307413
        -0.2282981 -0.2282981 -0.2257165 -0.2229983 -0.2229983 -0.2201451 -0.217159 -0.2107953 -0.217159 -0.2140416 -0.217159 -0.2140416
        -0.2107953 -0.2107953 -0.2074219 -0.2039237 -0.1965619 -0.2039237 -0.2003029 -0.1887289 -0.1965619 -0.1927031 -0.1804447 -0.1887289
        -0.1846419 -0.2003029 -0.1965619 -0.2039237 -0.2107953 -0.2039237 -0.2074219 -0.2039237 -0.2003029 -0.1965619 -0.1965619 -0.1927031
        -0.1887289 -0.1804447 -0.1887289 -0.1846419 -0.1887289 -0.1846419 -0.1804447 -0.1804446 -0.1761399 -0.1717305 -0.1626081 -0.1717303
        -0.1672188 -0.1531007 -0.1626079 -0.1579009 -0.1432321 -0.1531005 -0.1482099 -0.1672188 -0.162608 -0.1717304 -0.1804447 -0.1717304
        -0.1761399 -0.1330268 -0.1432318 -0.1381698 -0.1225101 -0.1330265 -0.1278056 -0.1482099 -0.1432319 -0.1531006 -0.1117079 -0.1225098
        -0.1171429 -0.1006464 -0.1117076 -0.1062077 -0.1278056 -0.1225099 -0.1330266 -0.1482099 -0.1432319 -0.1531006 -0.1672188 -0.162608
        -0.1717304 -0.162608 -0.1579009 -0.1531006 -0.1330266 -0.1381698 -0.1432319 -0.1965619 -0.1887289 -0.1804447 -0.1887289 -0.1927031
        -0.1717304 -0.162608 -0.1531006 -0.1579009 -0.162608 -0.1672188 -0.1717304 -0.1761399 -0.1804447 -0.1846419 -0.1761399 -0.1717304
        -0.1804447 -0.1761399 -0.1804447 -0.1846419 -0.1672188 -0.1717304 -0.1887289 -0.1927031 -0.1965619 -0.2003029 -0.1846419 -0.1887289
        -0.1804447 -0.1672188 -0.1717304 -0.162608 -0.1482099 -0.1531006 -0.1579009 -0.162608 -0.1804447 -0.1761399 -0.1717304 -0.2039237
        -0.2074219 -0.2107953 -0.2140416 -0.2003029 -0.2039237 -0.1965619 -0.217159 -0.2201451 -0.2229983 -0.217159 -0.2107953 -0.2039237
        -0.1965619 -0.1887289 -0.1804447 -0.1887289 -0.1927031 -0.1965619 -0.2107953 -0.2074219 -0.2039237 -0.1717304 -0.162608 -0.1531006
        -0.1432319 -0.1531006 -0.1579009 -0.162608 -0.1330266 -0.1225099 -0.1117077 -0.1171429 -0.1225099 -0.1278056 -0.1330266 -0.1381698
        -0.1432319 -0.1531006 -0.1432319 -0.1482099 -0.1381698 -0.1330266 -0.1432319 -0.1965619 -0.1927031 -0.1887289 -0.1804447 -0.1887289
        -0.1846419 -0.1804447 -0.1761399 -0.1717304 -0.1672188 -0.162608 -0.1579009 -0.1531006 -0.162608 -0.1717304 -0.1804447 -0.1717304
        -0.1761399 -0.2496949 -0.2499237 -0.2493137 -0.2472588 -0.2480953 -0.2462716 -0.2480953 -0.2487804 -0.2493137 -0.2424124 -0.2438476
        -0.2408296 -0.2352065 -0.2372254 -0.2330446 -0.2372254 -0.2391002 -0.2408296 -0.2408296 -0.2424124 -0.2438476 -0.2438476 -0.2451343
        -0.2462716 -0.2480953 -0.2462716 -0.2472588 -0.2451343 -0.2438476 -0.2462716 -0.2257165 -0.2282981 -0.2229983 -0.2140416 -0.217159
        -0.2107953 -0.217159 -0.2201451 -0.2229983 -0.2003029 -0.2039237 -0.1965619 -0.1846419 -0.1887289 -0.1804447 -0.1887289 -0.1927031
        -0.1965619 -0.1965619 -0.2003029 -0.2039237 -0.2039237 -0.2074219 -0.2107953 -0.217159 -0.2107953 -0.2140416 -0.2074219 -0.2039237
        -0.2107953 -0.2107953 -0.2140416 -0.217159 -0.217159 -0.2201451 -0.2229983 -0.2282981 -0.2229983 -0.2257165 -0.2229983 -0.2257165
        -0.2282981 -0.2282981 -0.2307413 -0.2330446 -0.2372254 -0.2330446 -0.2352065 -0.2408296 -0.2372254 -0.2391002 -0.2438476 -0.2408296
        -0.2424124 -0.2352065 -0.2372254 -0.2330446 -0.2282981 -0.2330446 -0.2307413 -0.2307413 -0.2282981 -0.2257165 -0.2352065 -0.2330446
        -0.2229983 -0.2201451 -0.217159 -0.2229983 -0.2282981 -0.2330446 -0.2372254 -0.2408296 -0.2391002 -0.2372254 -0.2282981 -0.2307413
        -0.2330446 -0.1672188 -0.1717304 -0.162608 -0.1482099 -0.1531006 -0.1432319 -0.1531006 -0.1579009 -0.162608 -0.1278056 -0.1330266
        -0.1225099 -0.1062077 -0.1117077 -0.1006462 -0.1117077 -0.1171429 -0.1225099 -0.1225099 -0.1278056 -0.1330266 -0.1330266 -0.1381698
        -0.1432319 -0.1531006 -0.1432319 -0.1482099 -0.1381698 -0.1330266 -0.1432319 -0.0836267 -0.08935235 -0.07785313 -0.06027916 -0.06617592
        -0.05434823 -0.06617592 -0.07203505 -0.07785313 -0.03638492 -0.04239766 -0.03035179 -0.01216445 -0.01823804 -0.006084131 -0.01823825 -0.02430171
        -0.03035169 -0.03035194 -0.03638491 -0.04239756 -0.04239781 -0.04838657 -0.05434814 -0.06617591 -0.05434823 -0.06027916 -0.04838658 -0.04239766
        -0.05434823 -0.05434839 -0.06027915 -0.06617582 -0.06617608 -0.07203505 -0.07785303 -0.08935235 -0.07785312 -0.0836267 -0.07785329 -0.08362669
        -0.08935226 -0.08935252 -0.09502666 -0.1006461 -0.1117077 -0.1006462 -0.1062077 -0.1225099 -0.1117077 -0.1171429 -0.1330266 -0.1225099
        -0.1278056 -0.1062077 -0.1117077 -0.1006462 -0.08935235 -0.1006462 -0.09502666 -0.09502666 -0.08935235 -0.0836267 -0.1062077 -0.1006462
        -0.07785313 -0.07203505 -0.06617591 -0.07785312 -0.08935235 -0.1006462 -0.1117077 -0.1225099 -0.1171429 -0.1117077 -0.08935235 -0.09502666
        -0.1006462 -0.1006464 -0.1062077 -0.1117076 -0.1117079 -0.1171429 -0.1225098 -0.1330266 -0.1225099 -0.1278056 -0.1225101 -0.1278056
        -0.1330265 -0.1330268 -0.1381698 -0.1432318 -0.1531006 -0.1432319 -0.1482099 -0.162608 -0.1531006 -0.1579009 -0.1717304 -0.162608
        -0.1672188 -0.1482099 -0.1531006 -0.1432319 -0.1330266 -0.1432319 -0.1381698 -0.1432321 -0.1482099 -0.1531005 -0.1531007 -0.1579009
        -0.1626079 -0.1717304 -0.162608 -0.1672188 -0.1626081 -0.1672188 -0.1717303 -0.1717305 -0.1761399 -0.1804446 -0.1887289 -0.1804447
        -0.1846419 -0.1965619 -0.1887289 -0.1927031 -0.2039237 -0.1965619 -0.2003029 -0.1846419 -0.1887289 -0.1804447 -0.1717304 -0.1804447
        -0.1761399 -0.2107953 -0.2039237 -0.2074219 -0.217159 -0.2107953 -0.2140416 -0.2003029 -0.2039237 -0.1965619 -0.2229983 -0.217159
        -0.2201451 -0.2282981 -0.2229983 -0.2257165 -0.2140416 -0.217159 -0.2107953 -0.2003029 -0.2039237 -0.1965619 -0.1846419 -0.1887289
        -0.1804447 -0.1887289 -0.1927031 -0.1965619 -0.2107953 -0.2074219 -0.2039237 -0.1531006 -0.162608 -0.1717304 -0.162608 -0.1579009
        -0.1804447 -0.1887289 -0.1965619 -0.1927031 -0.1887289 -0.1846419 -0.1804447 -0.1761399 -0.1717304 -0.1672188 -0.1761399 -0.1804447
        -0.1717304 -0.1761399 -0.1717304 -0.1672188 -0.1846419 -0.1804447 -0.162608 -0.1579009 -0.1531006 -0.1482099 -0.1672188 -0.162608
        -0.1717304 -0.1846419 -0.1804447 -0.1887289 -0.2003029 -0.1965619 -0.1927031 -0.1887289 -0.1717304 -0.1761399 -0.1804447 -0.1432319
        -0.1381698 -0.1330266 -0.1278056 -0.1482099 -0.1432319 -0.1531006 -0.1225099 -0.1171429 -0.1117077 -0.1225099 -0.1330266 -0.1432319
        -0.1531006 -0.162608 -0.1717304 -0.162608 -0.1579009 -0.1531006 -0.1330266 -0.1381698 -0.1432319 -0.1804447 -0.1887289 -0.1965619
        -0.2039237 -0.1965619 -0.1927031 -0.1887289 -0.2107953 -0.217159 -0.2229983 -0.2201451 -0.217159 -0.2140416 -0.2107953 -0.2074219
        -0.2039237 -0.1965619 -0.2039237 -0.2003029 -0.2074219 -0.2107953 -0.2039237 -0.1531006 -0.1579009 -0.162608 -0.1717304 -0.162608
        -0.1672188 -0.1717304 -0.1761399 -0.1804447 -0.1846419 -0.1887289 -0.1927031 -0.1965619 -0.1887289 -0.1804447 -0.1717304 -0.1804447
        -0.1761399 -0.1804448 -0.1846419 -0.1887289 -0.1887291 -0.1927031 -0.1965619 -0.2039237 -0.1965619 -0.2003029 -0.1965621 -0.2003029
        -0.2039236 -0.2039238 -0.2074219 -0.2107952 -0.217159 -0.2107953 -0.2140416 -0.2229983 -0.217159 -0.2201451 -0.2282981 -0.2229983
        -0.2257165 -0.2140416 -0.217159 -0.2107953 -0.2039237 -0.2107953 -0.2074219 -0.2107954 -0.2140416 -0.2171589 -0.2171591 -0.2201451
        -0.2229982 -0.2282981 -0.2229983 -0.2257165 -0.2229984 -0.2257165 -0.2282981 -0.2282982 -0.2307413 -0.2330446 -0.2372254 -0.2330446
        -0.2352064 -0.2408296 -0.2372254 -0.2391002 -0.2438476 -0.2408296 -0.2424124 -0.2352064 -0.2372254 -0.2330446 -0.2282981 -0.2330446
        -0.2307413 -0.2462716 -0.2438476 -0.2451343 -0.2480953 -0.2462716 -0.2472588 -0.2424124 -0.2438476 -0.2408296 -0.2493137 -0.2480953
        -0.2487804 -0.2499237 -0.2493137 -0.2496949 -0.2472588 -0.2480953 -0.2462716 -0.2424124 -0.2438476 -0.2408296 -0.2352064 -0.2372254
        -0.2330446 -0.2372254 -0.2391002 -0.2408296 -0.2462716 -0.2451343 -0.2438476 -0.217159 -0.2229983 -0.2282981 -0.2229983 -0.2201451
        -0.2330446 -0.2372254 -0.2408296 -0.2391002 -0.2372254 -0.2352064 -0.2330446 -0.2307413 -0.2282981 -0.2257165 -0.2307413 -0.2330446
        -0.2282981 -0.2330447 -0.2352064 -0.2372254 -0.2372255 -0.2391002 -0.2408295 -0.2438476 -0.2408296 -0.2424124 -0.2408296 -0.2424124
        -0.2438476 -0.2438477 -0.2451343 -0.2462716 -0.2480953 -0.2462716 -0.2472588 -0.2493137 -0.2480953 -0.2487803 -0.2499237 -0.2493137
        -0.2496949 -0.2472588 -0.2480953 -0.2462716 -0.2438476 -0.2462716 -0.2451343 -0.2462717 -0.2472588 -0.2480952 -0.2480953 -0.2487803
        -0.2493137 -0.2499237 -0.2493137 -0.2496949 -0.2493137 -0.2496949 -0.2499237 -0.2499237 -0.25 -0.2499237 -0.2493137 -0.2499237
        -0.2496949 -0.2480953 -0.2493137 -0.2487803 -0.2462717 -0.2480952 -0.2472588 -0.2496949 -0.2493137 -0.2499237 -0.2499237 -0.2499237
        -0.25 -0.2438477 -0.2462716 -0.2451343 -0.2408296 -0.2438476 -0.2424124 -0.2472588 -0.2462716 -0.2480953 -0.2372255 -0.2408295
        -0.2391002 -0.2330447 -0.2372254 -0.2352064 -0.2424124 -0.2408296 -0.2438476 -0.2472588 -0.2462716 -0.2480953 -0.2496949 -0.2493137
        -0.2499237 -0.2493137 -0.2487803 -0.2480953 -0.2438476 -0.2451343 -0.2462716 -0.2480953 -0.2493137 -0.2499237 -0.2493137 -0.2487803
        -0.2499237 -0.2493137 -0.2480953 -0.2487803 -0.2493137 -0.2496949 -0.2499237 -0.25 -0.2499237 -0.2496949 -0.25 -0.2499237
        -0.2499237 -0.2282982 -0.2330446 -0.2307413 -0.2229984 -0.2282981 -0.2257165 -0.2352064 -0.2330446 -0.2372254 -0.2171591 -0.2229982
        -0.2201451 -0.2107954 -0.2171589 -0.2140416 -0.2257165 -0.2229983 -0.2282981 -0.2352064 -0.2330446 -0.2372254 -0.2424124 -0.2408296
        -0.2438476 -0.2408296 -0.2391002 -0.2372254 -0.2282981 -0.2307413 -0.2330446 -0.2039238 -0.2107952 -0.2074219 -0.1965621 -0.2039236
        -0.2003029 -0.2140416 -0.2107953 -0.217159 -0.1887291 -0.1965619 -0.1927031 -0.1804448 -0.1887289 -0.1846419 -0.2003029 -0.1965619
        -0.2039237 -0.2140416 -0.2107953 -0.217159 -0.2257165 -0.2229983 -0.2282981 -0.2229983 -0.2201451 -0.217159 -0.2039237 -0.2074219
        -0.2107953 -0.2352064 -0.2330446 -0.2372254 -0.2424124 -0.2408296 -0.2438476 -0.2408296 -0.2391002 -0.2372254 -0.2472588 -0.2462716
        -0.2480953 -0.2496949 -0.2493137 -0.2499237 -0.2493137 -0.2487804 -0.2480953 -0.2480953 -0.2472588 -0.2462716 -0.2462716 -0.2451343
        -0.2438476 -0.2408296 -0.2438476 -0.2424124 -0.2451343 -0.2462716 -0.2438476 -0.217159 -0.2201451 -0.2229983 -0.2282981 -0.2229983
        -0.2257165 -0.2282981 -0.2307413 -0.2330446 -0.2352064 -0.2372254 -0.2391002 -0.2408296 -0.2372254 -0.2330446 -0.2282981 -0.2330446
        -0.2307413 -0.2372254 -0.2408296 -0.2438476 -0.2408296 -0.2391002 -0.2462716 -0.2480953 -0.2493137 -0.2499237 -0.2493137 -0.2487803
        -0.2480953 -0.2480953 -0.2472588 -0.2462716 -0.2462716 -0.2451343 -0.2438476 -0.2424124 -0.2451343 -0.2462716 -0.2438476 -0.2499237
        -0.2493137 -0.2480953 -0.2462716 -0.2480953 -0.2487803 -0.2493137 -0.2438476 -0.2408296 -0.2372254 -0.2391002 -0.2408296 -0.2424124
        -0.2438476 -0.2451343 -0.2462716 -0.2480953 -0.2462716 -0.2472588 -0.2451343 -0.2438476 -0.2462716 -0.2472588 -0.2480953 -0.2487804
        -0.2493137 -0.2499237 -0.2493137 -0.2496949 -0.2496949 -0.2499237 -0.25 -0.2499237 -0.2496949 -0.2493137 -0.2487804 -0.2480953
        -0.2472588 -0.2496949 -0.2493137 -0.2499237 -0.2499237 -0.2499237 -0.25 -0.25 -0.2499237 -0.2496949 -0.2496949 -0.2499237
        -0.2493137 -0.2487804 -0.2480953 -0.2493137 -0.2499237 -0.2499237 -0.2493137 -0.2480953 -0.2487804 -0.2493137 -0.2499237 -0.25
        -0.2499237 -0.25 -0.2499237 -0.2496949 -0.2496949 -0.2499237 -0.2493137 -0.2487804 -0.2480953 -0.2472588 -0.2496949 -0.2493137
        -0.2499237 -0.2496949 -0.2499237 -0.2493137 -0.2472588 -0.2480953 -0.2487804 -0.2493137 -0.2499237 -0.25 -0.2499237 -0.2462716
        -0.2451343 -0.2438476 -0.2424124 -0.2472588 -0.2462716 -0.2480953 -0.2408296 -0.2391002 -0.2372254 -0.2352065 -0.2424124 -0.2408296
        -0.2438476 -0.2472588 -0.2462716 -0.2480953 -0.2496949 -0.2493137 -0.2499237 -0.2493137 -0.2487804 -0.2480953 -0.2438476 -0.2451343
        -0.2462716 -0.2496949 -0.2499237 -0.2493137 -0.2472588 -0.2480953 -0.2462716 -0.2480953 -0.2487804 -0.2493137 -0.2424124 -0.2438476
        -0.2408296 -0.2352065 -0.2372254 -0.2391002 -0.2408296 -0.2424124 -0.2438476 -0.2451343 -0.2462716 -0.2480953 -0.2462716 -0.2472588
        -0.2451343 -0.2438476 -0.2462716 -0.2480953 -0.2487804 -0.2493137 -0.2499237 -0.2493137 -0.2496949 -0.2499237 -0.25 -0.2499237
        -0.2496949 -0.2493137 -0.2487804 -0.2480953 -0.2493137 -0.2499237 -0.2499237 -0.2499237 -0.25 -0.2330446 -0.2307413 -0.2282981
        -0.2257165 -0.2352065 -0.2330446 -0.2372254 -0.2229983 -0.2201451 -0.217159 -0.2140416 -0.2257165 -0.2229983 -0.2282981 -0.2352065
        -0.2330446 -0.2372254 -0.2424124 -0.2408296 -0.2438476 -0.2408296 -0.2391002 -0.2372254 -0.2282981 -0.2307413 -0.2330446 -0.2107953
        -0.2074219 -0.2039237 -0.2003029 -0.2140416 -0.2107953 -0.217159 -0.1965619 -0.1927031 -0.1887289 -0.1965619 -0.2039237 -0.2107953
        -0.217159 -0.2229983 -0.2282981 -0.2229983 -0.2201451 -0.217159 -0.2039237 -0.2074219 -0.2107953 -0.2330446 -0.2372254 -0.2408296
        -0.2438476 -0.2408296 -0.2391002 -0.2372254 -0.2462716 -0.2480953 -0.2493137 -0.2499237 -0.2493137 -0.2487804 -0.2480953 -0.2480953
        -0.2472588 -0.2462716 -0.2462716 -0.2451343 -0.2438476 -0.2408296 -0.2438476 -0.2424124 -0.2451343 -0.2462716 -0.2438476 -0.217159
        -0.2201451 -0.2229983 -0.2282981 -0.2229983 -0.2257165 -0.2282981 -0.2307413 -0.2330446 -0.2352065 -0.2372254 -0.2391002 -0.2408296
        -0.2372254 -0.2330446 -0.2282981 -0.2330446 -0.2307413 -0.2499237 -0.2493137 -0.2480953 -0.2462716 -0.2480953 -0.2487804 -0.2493137
        -0.2438476 -0.2408296 -0.2372254 -0.2330446 -0.2372254 -0.2391002 -0.2408296 -0.2408296 -0.2424124 -0.2438476 -0.2438476 -0.2451343
        -0.2462716 -0.2480953 -0.2462716 -0.2472588 -0.2451343 -0.2438476 -0.2462716 -0.2282981 -0.2229983 -0.217159 -0.2107953 -0.217159
        -0.2201451 -0.2229983 -0.2039237 -0.1965619 -0.1887289 -0.1927031 -0.1965619 -0.2003029 -0.2039237 -0.2074219 -0.2107953 -0.217159
        -0.2107953 -0.2140416 -0.2074219 -0.2039237 -0.2107953 -0.2140416 -0.217159 -0.2201451 -0.2229983 -0.2282981 -0.2229983 -0.2257165
        -0.2257165 -0.2282981 -0.2307413 -0.2330446 -0.2372254 -0.2330446 -0.2352065 -0.2408296 -0.2372254 -0.2391002 -0.2438476 -0.2408296
        -0.2424124 -0.2352065 -0.2372254 -0.2330446 -0.2282981 -0.2330446 -0.2307413 -0.2307413 -0.2282981 -0.2257165 -0.2352065 -0.2330446
        -0.2229983 -0.2201451 -0.217159 -0.2229983 -0.2282981 -0.2330446 -0.2372254 -0.2408296 -0.2391002 -0.2372254 -0.2282981 -0.2307413
        -0.2330446 -0.2372254 -0.2391002 -0.2408296 -0.2438476 -0.2408296 -0.2424124 -0.2438476 -0.2451343 -0.2462716 -0.2480953 -0.2462716
        -0.2472588 -0.2493137 -0.2480953 -0.2487804 -0.2499237 -0.2493137 -0.2480953 -0.2462716 -0.2438476 -0.2462716 -0.2451343 -0.2472588
        -0.2480953 -0.2487804 -0.2493137 -0.2499237 -0.2493137 -0.2496949 -0.2496949 -0.2499237 -0.25 -0.2499237 -0.2496949 -0.2493137
        -0.2487804 -0.2480953 -0.2472588 -0.2496949 -0.2493137 -0.2499237 -0.2499237 -0.2499237 -0.25 -0.2462716 -0.2451343 -0.2438476
        -0.2424124 -0.2472588 -0.2462716 -0.2480953 -0.2408296 -0.2391002 -0.2372254 -0.2408296 -0.2438476 -0.2462716 -0.2480953 -0.2493137
        -0.2499237 -0.2493137 -0.2487804 -0.2480953 -0.2438476 -0.2451343 -0.2462716 -0.2480953 -0.2493137 -0.2499237 -0.2493137 -0.2487804
        -0.2499237 -0.2493137 -0.2480953 -0.2487804 -0.2493137 -0.2496949 -0.2499237 -0.25 -0.2499237 -0.2496949 -0.25 -0.2499237
        -0.2499237 -7.788741e-10 -0.00608376 -7.788413e-10 -0.006083834 -0.006083829 -0.01823797 -0.01216432 -7.788376e-10 -0.006083827 -0.006083826 -7.788369e-10
        -0.006083826 -0.006083825 -0.01823804 -0.0121643 -0.01823804 -0.03035175 -0.02430166 -0.03035175 -0.04239755 -0.03638489 -0.03035167 -0.02430167
        -0.0121643 -0.01823804 -0.01823805 -7.788368e-10 -0.006083825 -0.006083825 -7.788367e-10 -0.006083825 -0.006083825 -0.01823803 -0.01216429 -0.01823803
        -7.788367e-10 -0.006083825 -0.006083824 -7.788367e-10 -0.006083824 -0.006083824 -0.01823803 -0.01216429 -0.01823803 -0.03035174 -0.02430165 -0.03035174
        -0.04239762 -0.03638487 -0.04239762 -0.03035174 -0.03035174 -0.02430165 -0.01216429 -0.01823803 -0.01823803 -0.0543482 -0.04838655 -0.05434821
        -0.0661759 -0.06027914 -0.0661759 -0.05434821 -0.05434821 -0.04838655 -0.07785312 -0.07203504 -0.07785312 -0.08935226 -0.08362669 -0.07785303
        -0.07203504 -0.06617582 -0.06027914 -0.05434813 -0.04838656 -0.04838656 -0.05434821 -0.05434821 -0.0661759 -0.0661759 -0.06027914 -0.01216429
        -0.01823803 -0.02430165 -0.02430165 -0.01823803 -0.03035174 -0.03638487 -0.04239763 -0.04239763 -0.04239763 -0.04239763 -0.04239763 -0.04239763
        -0.03638488 -0.03035174 -0.03035174 -0.03638488 -0.03035174 -7.788367e-10 -0.006083824 -0.006083824 -7.788367e-10 -0.006083824 -0.006083824 -0.01823803
        -0.01216429 -0.01823803 -7.788367e-10 -0.006083824 -0.006083824 -7.788367e-10 -0.006083824 -0.006083824 -0.01823803 -0.01216429 -0.01823803 -0.03035174
        -0.02430165 -0.03035174 -0.04239762 -0.03638487 -0.04239762 -0.03035174 -0.03035174 -0.02430165 -0.01216429 -0.01823803 -0.01823803 -7.788366e-10
        -0.006083824 -0.006083824 -7.788366e-10 -0.006083824 -0.006083824 -0.01823803 -0.01216429 -0.01823803 -7.788366e-10 -0.006083824 -0.006083824 -7.788366e-10
        -0.006083824 -0.006083824 -0.01823803 -0.01216429 -0.01823803 -0.03035173 -0.02430165 -0.03035174 -0.04239762 -0.03638487 -0.04239762 -0.03035174
        -0.03035174 -0.02430165 -0.01216429 -0.01823803 -0.01823803 -0.0543482 -0.04838655 -0.0543482 -0.06617589 -0.06027913 -0.06617589 -0.0543482
        -0.0543482 -0.04838655 -0.07785311 -0.07203503 -0.07785311 -0.08935234 -0.08362668 -0.08935234 -0.07785311 -0.07785311 -0.07203503 -0.06617589
        -0.06617589 -0.06027913 -0.0543482 -0.0543482 -0.04838655 -0.04838655 -0.0543482 -0.0543482 -0.06617589 -0.06617589 -0.06027913 -0.01216429
        -0.01823803 -0.02430165 -0.02430165 -0.01823803 -0.03035174 -0.03638487 -0.04239762 -0.04239762 -0.04239762 -0.04239762 -0.04239762 -0.04239762
        -0.03638487 -0.03035174 -0.03035174 -0.03638487 -0.03035174 -0.1006462 -0.09502665 -0.1006462 -0.1117077 -0.1062077 -0.1117077 -0.1006462
        -0.1006462 -0.09502665 -0.1225099 -0.1171429 -0.1225099 -0.1330266 -0.1278056 -0.1330266 -0.1225099 -0.1225099 -0.1171429 -0.1117077
        -0.1117077 -0.1062077 -0.1006462 -0.1006462 -0.09502665 -0.09502665 -0.1006462 -0.1006462 -0.1117077 -0.1117077 -0.1062077 -0.1432319
        -0.1381698 -0.1432319 -0.1531006 -0.1482099 -0.1531006 -0.1432319 -0.1432319 -0.1381698 -0.162608 -0.1579009 -0.162608 -0.1717303
        -0.1672188 -0.1626079 -0.1579009 -0.1531005 -0.1482099 -0.1432318 -0.1381698 -0.1381698 -0.1432319 -0.1432319 -0.1531006 -0.1531006
        -0.1482099 -0.1330265 -0.1278056 -0.1225099 -0.1171429 -0.1171429 -0.1225099 -0.1225099 -0.1117076 -0.1062077 -0.1006462 -0.09502666
        -0.09502666 -0.1006462 -0.1006462 -0.09502665 -0.1006462 -0.1006462 -0.09502665 -0.1006462 -0.1006462 -0.1117077 -0.1062077 -0.1117077
        -0.1117077 -0.1062077 -0.1117077 -0.1330266 -0.1330266 -0.1330266 -0.1225099 -0.1278056 -0.1330266 -0.1330266 -0.1330266 -0.1278056
        -0.1225099 -0.1171429 -0.1117077 -0.1062077 -0.1117077 -0.1171429 -0.1278056 -0.1225099 -0.1225099 -0.01216429 -0.01823803 -0.02430165
        -0.02430165 -0.01823803 -0.03035174 -0.03638487 -0.04239762 -0.04838655 -0.04838655 -0.04239762 -0.04239762 -0.04838655 -0.04239762 -0.04239762
        -0.04838655 -0.04239762 -0.03638487 -0.03035174 -0.03035174 -0.03638487 -0.03035174 -0.0543482 -0.06027913 -0.06617589 -0.07203503 -0.07203503
        -0.06617589 -0.06617589 -0.07785311 -0.08362669 -0.08935234 -0.08935234 -0.08935234 -0.08935234 -0.08935234 -0.08935234 -0.08935234 -0.07785311
        -0.08362669 -0.07785311 -0.07785311 -0.08362669 -0.07785311 -0.08935234 -0.08935234 -0.08935234 -0.08935234 -0.07785311 -0.08362669 -0.07785311
        -0.08935234 -0.08935234 -0.08935234 -0.08362669 -0.07785311 -0.07203504 -0.0661759 -0.06027914 -0.0543482 -0.0661759 -0.0661759 -0.07203504
        -0.08362669 -0.07785311 -0.07785311 -0.0543482 -0.06027913 -0.06617589 -0.0543482 -0.0543482 -0.07203503 -0.07785311 -0.08362669 -0.07785311
        -0.07203504 -0.0661759 -0.06027914 -0.0543482 -0.0543482 -0.0543482 -0.06617589 -0.0661759 -0.06027913 -7.788366e-10 -0.006083824 -0.006083824
        -7.788366e-10 -0.006083824 -0.006083824 -0.01823803 -0.01216429 -0.01823803 -7.788366e-10 -0.006083824 -0.006083824 -7.788366e-10 -0.006083824 -0.006083824
        -0.01823803 -0.01216429 -0.01823803 -0.03035174 -0.02430165 -0.03035174 -0.04239762 -0.03638487 -0.04239762 -0.03035173 -0.03035174 -0.02430165
        -0.01216429 -0.01823803 -0.01823803 -7.788367e-10 -0.006083824 -0.006083824 -7.788367e-10 -0.006083824 -0.006083824 -0.01823803 -0.01216429 -0.01823803
        -7.788367e-10 -0.006083824 -0.006083824 -7.788367e-10 -0.006083824 -0.006083824 -0.01823803 -0.01216429 -0.01823803 -0.03035174 -0.02430165 -0.03035174
        -0.04239762 -0.03638487 -0.04239762 -0.03035174 -0.03035174 -0.02430165 -0.01216429 -0.01823803 -0.01823803 -0.0543482 -0.04838655 -0.0543482
        -0.06617589 -0.06027913 -0.06617589 -0.0543482 -0.0543482 -0.04838655 -0.07785311 -0.07203503 -0.07785311 -0.08935234 -0.08362668 -0.08935234
        -0.07785311 -0.07785311 -0.07203503 -0.06617589 -0.06617589 -0.06027913 -0.0543482 -0.0543482 -0.04838655 -0.04838655 -0.0543482 -0.0543482
        -0.06617589 -0.06617589 -0.06027913 -0.01216429 -0.01823803 -0.02430165 -0.02430165 -0.01823803 -0.03035174 -0.03638487 -0.04239762 -0.04239762
        -0.04239762 -0.04239762 -0.04239762 -0.04239762 -0.03638487 -0.03035174 -0.03035174 -0.03638487 -0.03035174 -7.788367e-10 -0.006083824 -0.006083824
        -7.788367e-10 -0.006083824 -0.006083825 -0.01823803 -0.01216429 -0.01823803 -7.788367e-10 -0.006083825 -0.006083825 -7.788368e-10 -0.006083825 -0.006083825
        -0.01823803 -0.01216429 -0.01823803 -0.03035174 -0.02430165 -0.03035174 -0.04239762 -0.03638487 -0.04239762 -0.03035174 -0.03035174 -0.02430165
        -0.01216429 -0.01823803 -0.01823803 -7.788369e-10 -0.006083825 -0.006083826 -7.788376e-10 -0.006083826 -0.006083827 -0.01823804 -0.0121643 -0.01823804
        -7.788413e-10 -0.006083829 -0.006083834 -7.788741e-10 -0.00608376 -0.006084131 -0.01823825 -0.01216432 -0.01823797 -0.03035194 -0.02430167 -0.03035167
        -0.04239781 -0.03638489 -0.04239755 -0.03035175 -0.03035175 -0.02430166 -0.0121643 -0.01823805 -0.01823804 -0.05434839 -0.04838656 -0.05434813
        -0.06617608 -0.06027914 -0.06617582 -0.05434821 -0.05434821 -0.04838656 -0.07785329 -0.07203504 -0.07785303 -0.08935252 -0.08362669 -0.08935226
        -0.07785312 -0.07785312 -0.07203504 -0.0661759 -0.0661759 -0.06027914 -0.0543482 -0.05434821 -0.04838655 -0.04838655 -0.05434821 -0.05434821
        -0.0661759 -0.0661759 -0.06027914 -0.01216429 -0.01823803 -0.02430165 -0.02430165 -0.01823803 -0.03035174 -0.03638488 -0.04239763 -0.04239763
        -0.04239763 -0.04239763 -0.04239763 -0.04239763 -0.03638487 -0.03035174 -0.03035174 -0.03638488 -0.03035174 -0.1006464 -0.09502666 -0.1006462
        -0.1117079 -0.1062077 -0.1117076 -0.1006462 -0.1006462 -0.09502666 -0.1225101 -0.1171429 -0.1225099 -0.1330268 -0.1278056 -0.1330265
        -0.1225099 -0.1225099 -0.1171429 -0.1117077 -0.1117077 -0.1062077 -0.1006462 -0.1006462 -0.09502665 -0.09502665 -0.1006462 -0.1006462
        -0.1117077 -0.1117077 -0.1062077 -0.1432321 -0.1381698 -0.1432318 -0.1531007 -0.1482099 -0.1531005 -0.1432319 -0.1432319 -0.1381698
        -0.1626081 -0.1579009 -0.1626079 -0.1717305 -0.1672188 -0.1717303 -0.162608 -0.162608 -0.1579009 -0.1531006 -0.1531006 -0.1482099
        -0.1432319 -0.1432319 -0.1381698 -0.1381698 -0.1432319 -0.1432319 -0.1531006 -0.1531006 -0.1482099 -0.1330266 -0.1330266 -0.1278056
        -0.1225099 -0.1225099 -0.1171429 -0.1171429 -0.1225099 -0.1225099 -0.1117077 -0.1117077 -0.1062077 -0.1006462 -0.1006462 -0.09502665
        -0.09502665 -0.1006462 -0.1006462 -0.09502665 -0.1006462 -0.1006462 -0.09502665 -0.1006462 -0.1006462 -0.1117077 -0.1062077 -0.1117077
        -0.1117077 -0.1062077 -0.1117077 -0.1330266 -0.1330266 -0.1330266 -0.1225099 -0.1278056 -0.1330266 -0.1330266 -0.1330266 -0.1278056
        -0.1225099 -0.1171429 -0.1117077 -0.1062077 -0.1117077 -0.1171429 -0.1278056 -0.1225099 -0.1225099 -0.01216429 -0.01823803 -0.02430165
        -0.02430165 -0.01823803 -0.03035174 -0.03638487 -0.04239762 -0.04838655 -0.04838655 -0.04239762 -0.04239762 -0.04838655 -0.04239762 -0.04239762
        -0.04838655 -0.04239762 -0.03638487 -0.03035174 -0.03035174 -0.03638487 -0.03035174 -0.0543482 -0.06027914 -0.0661759 -0.07203504 -0.07203504
        -0.0661759 -0.0661759 -0.07785311 -0.08362669 -0.08935234 -0.08935234 -0.08935234 -0.08935234 -0.08935234 -0.08935234 -0.08935234 -0.07785311
        -0.08362669 -0.07785311 -0.07785311 -0.08362669 -0.07785311 -0.08935234 -0.08935234 -0.08935234 -0.08935234 -0.07785311 -0.08362669 -0.07785311
        -0.08935234 -0.08935234 -0.08935234 -0.08362669 -0.07785311 -0.07203503 -0.06617589 -0.06027913 -0.0543482 -0.06617589 -0.06617589 -0.07203503
        -0.08362669 -0.07785311 -0.07785311 -0.0543482 -0.06027914 -0.0661759 -0.0543482 -0.0543482 -0.07203504 -0.07785311 -0.08362669 -0.07785311
        -0.07203503 -0.06617589 -0.06027913 -0.0543482 -0.0543482 -0.0543482 -0.0661759 -0.06617589 -0.06027913 -0.1804448 -0.17614 -0.1804447
        -0.1887291 -0.1846419 -0.1887289 -0.1804447 -0.1804447 -0.17614 -0.1965621 -0.1927031 -0.1965619 -0.2039238 -0.2003029 -0.2039236
        -0.1965619 -0.1965619 -0.1927031 -0.1887289 -0.1887289 -0.1846419 -0.1804447 -0.1804447 -0.17614 -0.17614 -0.1804447 -0.1804447
        -0.1887289 -0.1887289 -0.1846419 -0.2107954 -0.2074219 -0.2107952 -0.2171591 -0.2140417 -0.2171589 -0.2107953 -0.2107953 -0.2074219
        -0.2229984 -0.2201452 -0.2229983 -0.2282982 -0.2257165 -0.2282981 -0.2229983 -0.2229983 -0.2201452 -0.217159 -0.217159 -0.2140417
        -0.2107953 -0.2107953 -0.2074219 -0.2074219 -0.2107953 -0.2107953 -0.217159 -0.217159 -0.2140417 -0.2039237 -0.2039237 -0.2003029
        -0.1965619 -0.1965619 -0.1927031 -0.1927031 -0.1965619 -0.1965619 -0.1887289 -0.1887289 -0.1846419 -0.1804447 -0.1804447 -0.1761399
        -0.17614 -0.1804447 -0.1804447 -0.17614 -0.1804447 -0.1804447 -0.17614 -0.1804447 -0.1804447 -0.1887289 -0.1846419 -0.1887289
        -0.1887289 -0.1846419 -0.1887289 -0.2039237 -0.2039237 -0.2039237 -0.1965619 -0.2003029 -0.2039237 -0.2039237 -0.2039237 -0.2003029
        -0.1965619 -0.1927031 -0.1887289 -0.1846419 -0.1887289 -0.1927031 -0.2003029 -0.1965619 -0.1965619 -0.2330447 -0.2307414 -0.2330446
        -0.2372255 -0.2352065 -0.2372254 -0.2330446 -0.2330446 -0.2307414 -0.2408296 -0.2391002 -0.2408296 -0.2438477 -0.2424124 -0.2438476
        -0.2408296 -0.2408296 -0.2391002 -0.2372254 -0.2372254 -0.2352065 -0.2330446 -0.2330446 -0.2307413 -0.2307413 -0.2330446 -0.2330446
        -0.2372254 -0.2372254 -0.2352065 -0.2462717 -0.2451343 -0.2462716 -0.2480953 -0.2472588 -0.2480953 -0.2462716 -0.2462716 -0.2451343
        -0.2493137 -0.2487804 -0.2493137 -0.2499237 -0.2496949 -0.2493137 -0.2487804 -0.2480953 -0.2472588 -0.2462716 -0.2451343 -0.2451343
        -0.2462716 -0.2462716 -0.2480953 -0.2480953 -0.2472588 -0.2438476 -0.2424124 -0.2408296 -0.2391002 -0.2391002 -0.2408296 -0.2408296
        -0.2372254 -0.2352065 -0.2330446 -0.2307414 -0.2307414 -0.2330446 -0.2330446 -0.2307413 -0.2330446 -0.2330446 -0.2307413 -0.2330446
        -0.2330446 -0.2372254 -0.2352065 -0.2372254 -0.2372254 -0.2352065 -0.2372254 -0.2438476 -0.2438476 -0.2438476 -0.2408296 -0.2424124
        -0.2438476 -0.2438476 -0.2438476 -0.2424124 -0.2408296 -0.2391002 -0.2372254 -0.2352065 -0.2372254 -0.2391002 -0.2424124 -0.2408296
        -0.2408296 -0.2282981 -0.2257165 -0.2229983 -0.2201452 -0.2201452 -0.2229983 -0.2229983 -0.2171589 -0.2140417 -0.2107952 -0.2074219
        -0.2074219 -0.2107953 -0.2107953 -0.2074219 -0.2107953 -0.2107953 -0.2074219 -0.2107953 -0.2107953 -0.217159 -0.2140417 -0.217159
        -0.217159 -0.2140417 -0.217159 -0.2039236 -0.2003029 -0.1965619 -0.1927031 -0.1927031 -0.1965619 -0.1965619 -0.1887289 -0.1846419
        -0.1804447 -0.17614 -0.17614 -0.1804447 -0.1804447 -0.17614 -0.1804447 -0.1804447 -0.17614 -0.1804447 -0.1804447 -0.1887289
        -0.1846419 -0.1887289 -0.1887289 -0.1846419 -0.1887289 -0.17614 -0.1804447 -0.1804447 -0.17614 -0.1804447 -0.1804447 -0.1887289
        -0.1846419 -0.1887289 -0.17614 -0.1804447 -0.1804447 -0.1761399 -0.1804447 -0.1804447 -0.1887289 -0.1846419 -0.1887289 -0.1965619
        -0.1927031 -0.1965619 -0.2039237 -0.2003029 -0.2039237 -0.1965619 -0.1965619 -0.1927031 -0.1846419 -0.1887289 -0.1887289 -0.2039237
        -0.2003029 -0.1965619 -0.2039237 -0.2039237 -0.1927031 -0.1887289 -0.1846419 -0.1887289 -0.1927031 -0.1965619 -0.2003029 -0.2039237
        -0.2039237 -0.2039237 -0.1965619 -0.1965619 -0.2003029 -0.2282981 -0.2282981 -0.2282981 -0.2229983 -0.2257165 -0.2282981 -0.2282981
        -0.2282981 -0.2282981 -0.2229983 -0.2257165 -0.2229983 -0.217159 -0.2201452 -0.217159 -0.2107953 -0.2140417 -0.217159 -0.2201452
        -0.2257165 -0.2229983 -0.2229983 -0.2282981 -0.2282981 -0.2282981 -0.2282981 -0.2229983 -0.2257165 -0.2229983 -0.2282981 -0.2282981
        -0.2282981 -0.2257165 -0.2229983 -0.2201452 -0.217159 -0.2140417 -0.2107953 -0.217159 -0.217159 -0.2201452 -0.2257165 -0.2229983
        -0.2229983 -0.2074219 -0.2039237 -0.2003029 -0.1965619 -0.2039237 -0.2039237 -0.2074219 -0.1927031 -0.1887289 -0.1846419 -0.1887289
        -0.1927031 -0.1965619 -0.2003029 -0.2039237 -0.2074219 -0.2074219 -0.2039237 -0.2039237 -0.1965619 -0.1965619 -0.2003029 -0.2257165
        -0.2229983 -0.2201452 -0.2201452 -0.2229983 -0.217159 -0.2140417 -0.2107953 -0.2107953 -0.2107953 -0.2107953 -0.2107953 -0.2107953
        -0.2140417 -0.217159 -0.217159 -0.2140417 -0.217159 -0.01216429 -0.01823803 -0.02430165 -0.02430165 -0.01823803 -0.03035173 -0.03638487
        -0.04239762 -0.04838655 -0.04838655 -0.04239762 -0.04239762 -0.04838655 -0.04239762 -0.04239762 -0.04838655 -0.04239762 -0.03638487 -0.03035173
        -0.03035173 -0.03638487 -0.03035173 -0.0543482 -0.06027913 -0.06617589 -0.07203503 -0.07203503 -0.06617589 -0.06617589 -0.07785311 -0.08362668
        -0.08935234 -0.09502665 -0.09502665 -0.08935234 -0.08935234 -0.09502665 -0.08935234 -0.08935234 -0.09502665 -0.08935234 -0.08935234 -0.07785311
        -0.08362668 -0.07785311 -0.07785311 -0.08362668 -0.07785311 -0.09502665 -0.08935234 -0.08935234 -0.09502665 -0.08935234 -0.08935234 -0.07785311
        -0.08362668 -0.07785311 -0.09502665 -0.08935234 -0.08935234 -0.09502665 -0.08935234 -0.08362668 -0.07785311 -0.07203503 -0.06617589 -0.06027913
        -0.0543482 -0.06617589 -0.06617589 -0.07203503 -0.08362668 -0.07785311 -0.07785311 -0.0543482 -0.06027913 -0.06617589 -0.0543482 -0.0543482
        -0.07203503 -0.07785311 -0.08362668 -0.07785311 -0.07203503 -0.06617589 -0.06027913 -0.0543482 -0.0543482 -0.0543482 -0.06617589 -0.06617589
        -0.06027913 -0.1006462 -0.1062077 -0.1117077 -0.1171429 -0.1171429 -0.1117077 -0.1117077 -0.1225099 -0.1278056 -0.1330266 -0.1381698
        -0.1381698 -0.1330266 -0.1330266 -0.1381698 -0.1330266 -0.1330266 -0.1381698 -0.1330266 -0.1330266 -0.1225099 -0.1278056 -0.1225099
        -0.1225099 -0.1278056 -0.1225099 -0.1432319 -0.1482099 -0.1531006 -0.1579009 -0.1579009 -0.1531006 -0.1531006 -0.162608 -0.1672188
        -0.1717304 -0.1717304 -0.1717304 -0.1717304 -0.1717304 -0.1717304 -0.1717304 -0.162608 -0.1672188 -0.162608 -0.162608 -0.1672188
        -0.162608 -0.1717304 -0.1717304 -0.1717304 -0.1717304 -0.162608 -0.1672188 -0.162608 -0.1717304 -0.1717304 -0.1717304 -0.1717304
        -0.162608 -0.1672188 -0.162608 -0.1531006 -0.1579009 -0.1531006 -0.1432319 -0.1482099 -0.1432319 -0.1531006 -0.1531006 -0.1579009
        -0.1672188 -0.162608 -0.162608 -0.1432319 -0.1482099 -0.1531006 -0.1432319 -0.1432319 -0.1579009 -0.162608 -0.1672188 -0.162608
        -0.1579009 -0.1531006 -0.1482099 -0.1432319 -0.1432319 -0.1432319 -0.1531006 -0.1531006 -0.1482099 -0.1717304 -0.1717304 -0.1717304
        -0.1717304 -0.162608 -0.1672188 -0.162608 -0.1717304 -0.1717304 -0.1717304 -0.1717304 -0.162608 -0.1672188 -0.162608 -0.1531006
        -0.1579009 -0.1531006 -0.1432319 -0.1482099 -0.1432319 -0.1531006 -0.1531006 -0.1579009 -0.1672188 -0.162608 -0.162608 -0.1717304
        -0.1717304 -0.1717304 -0.1717304 -0.162608 -0.1672188 -0.162608 -0.1717304 -0.1717304 -0.1717304 -0.1672188 -0.162608 -0.1579009
        -0.1531006 -0.1482099 -0.1432319 -0.1531006 -0.1531006 -0.1579009 -0.1672188 -0.162608 -0.162608 -0.1381698 -0.1330266 -0.1278056
        -0.1225099 -0.1330266 -0.1330266 -0.1381698 -0.1171429 -0.1117077 -0.1062077 -0.1006462 -0.1117077 -0.1117077 -0.1171429 -0.1225099
        -0.1225099 -0.1278056 -0.1330266 -0.1330266 -0.1381698 -0.1381698 -0.1330266 -0.1330266 -0.1225099 -0.1225099 -0.1278056 -0.1672188
        -0.162608 -0.1579009 -0.1579009 -0.162608 -0.1531006 -0.1482099 -0.1432319 -0.1432319 -0.1432319 -0.1432319 -0.1432319 -0.1432319
        -0.1482099 -0.1531006 -0.1531006 -0.1482099 -0.1531006 -0.1006462 -0.1062077 -0.1117077 -0.1006462 -0.1006462 -0.1171429 -0.1225099
        -0.1278056 -0.1330266 -0.1225099 -0.1225099 -0.1171429 -0.1117077 -0.1117077 -0.1062077 -0.1006462 -0.1006462 -0.1006462 -0.1006462
        -0.1117077 -0.1117077 -0.1062077 -0.1381698 -0.1432319 -0.1482099 -0.1531006 -0.1432319 -0.1432319 -0.1381698 -0.1579009 -0.162608
        -0.1672188 -0.162608 -0.1579009 -0.1531006 -0.1482099 -0.1432319 -0.1381698 -0.1381698 -0.1432319 -0.1432319 -0.1531006 -0.1531006
        -0.1482099 -0.1330266 -0.1278056 -0.1225099 -0.1171429 -0.1171429 -0.1225099 -0.1225099 -0.1117077 -0.1062077 -0.1006462 -0.1006462
        -0.1006462 -0.1006462 -0.1006462 -0.1006462 -0.1006462 -0.1117077 -0.1062077 -0.1117077 -0.1117077 -0.1062077 -0.1117077 -0.1330266
        -0.1330266 -0.1330266 -0.1225099 -0.1278056 -0.1330266 -0.1330266 -0.1330266 -0.1278056 -0.1225099 -0.1171429 -0.1117077 -0.1062077
        -0.1117077 -0.1171429 -0.1278056 -0.1225099 -0.1225099 -0.01216445 -0.01823804 -0.03638492 -0.03035179 -0.04239766 -0.03035169 -0.02430171
        -0.06027916 -0.05434823 -0.06617592 -0.0836267 -0.07785313 -0.08935235 -0.07785313 -0.07203505 -0.06617592 -0.06617591 -0.06027916 -0.05434823
        -0.05434814 -0.04838657 -0.04239756 -0.03638491 -0.04838658 -0.05434823 -0.04239766 -0.1062077 -0.1006462 -0.1117077 -0.1278056 -0.1225099
        -0.1330266 -0.1225099 -0.1171429 -0.1117077 -0.1482099 -0.1432319 -0.1531006 -0.1672188 -0.162608 -0.1717304 -0.162608 -0.1579009
        -0.1531006 -0.1531006 -0.1482099 -0.1432319 -0.1432319 -0.1381698 -0.1330266 -0.1225099 -0.1330266 -0.1278056 -0.1381698 -0.1432319
        -0.1330266 -0.1330266 -0.1278056 -0.1225099 -0.1225099 -0.1171429 -0.1117077 -0.1006462 -0.1117077 -0.1062077 -0.1117077 -0.1062077
        -0.1006462 -0.1006461 -0.09502666 -0.08935226 -0.08362669 -0.07785303 -0.07203505 -0.06617582 -0.06027915 -0.0836267 -0.07785312 -0.08935235
        -0.1006462 -0.08935235 -0.09502666 -0.09502666 -0.1006462 -0.1062077 -0.0836267 -0.08935235 -0.1117077 -0.1171429 -0.1225099 -0.1117077
        -0.1006462 -0.08935235 -0.07785312 -0.06617591 -0.07203505 -0.07785313 -0.1006462 -0.09502666 -0.08935235 -0.1846419 -0.1804447 -0.1887289
        -0.2003029 -0.1965619 -0.2039237 -0.1965619 -0.1927031 -0.1887289 -0.2140416 -0.2107953 -0.217159 -0.2257165 -0.2229983 -0.2282981
        -0.2229983 -0.2201451 -0.217159 -0.217159 -0.2140416 -0.2107953 -0.2107953 -0.2074219 -0.2039237 -0.1965619 -0.2039237 -0.2003029
        -0.2074219 -0.2107953 -0.2039237 -0.2352065 -0.2330446 -0.2372254 -0.2424124 -0.2408296 -0.2438476 -0.2408296 -0.2391002 -0.2372254
        -0.2472588 -0.2462716 -0.2480953 -0.2496949 -0.2493137 -0.2499237 -0.2493137 -0.2487804 -0.2480953 -0.2480953 -0.2472588 -0.2462716
        -0.2462716 -0.2451343 -0.2438476 -0.2408296 -0.2438476 -0.2424124 -0.2451343 -0.2462716 -0.2438476 -0.2438476 -0.2424124 -0.2408296
        -0.2408296 -0.2391002 -0.2372254 -0.2330446 -0.2372254 -0.2352065 -0.2372254 -0.2352065 -0.2330446 -0.2330446 -0.2307413 -0.2282981
        -0.2229983 -0.2282981 -0.2257165 -0.217159 -0.2229983 -0.2201451 -0.2107953 -0.217159 -0.2140416 -0.2257165 -0.2229983 -0.2282981
        -0.2330446 -0.2282981 -0.2307413 -0.2307413 -0.2330446 -0.2352065 -0.2257165 -0.2282981 -0.2372254 -0.2391002 -0.2408296 -0.2372254
        -0.2330446 -0.2282981 -0.2229983 -0.217159 -0.2201451 -0.2229983 -0.2330446 -0.2307413 -0.2282981 -0.2282981 -0.2257165 -0.2229983
        -0.2229983 -0.2201451 -0.217159 -0.2107953 -0.217159 -0.2140416 -0.217159 -0.2140416 -0.2107953 -0.2107953 -0.2074219 -0.2039237
        -0.1965619 -0.2039237 -0.2003029 -0.1887289 -0.1965619 -0.1927031 -0.1804447 -0.1887289 -0.1846419 -0.2003029 -0.1965619 -0.2039237
        -0.2107953 -0.2039237 -0.2074219 -0.2039237 -0.2003029 -0.1965619 -0.1965619 -0.1927031 -0.1887289 -0.1804447 -0.1887289 -0.1846419
        -0.1887289 -0.1846419 -0.1804447 -0.1804446 -0.1761399 -0.1717303 -0.1672188 -0.1626079 -0.1579009 -0.1531005 -0.1482099 -0.1672188
        -0.162608 -0.1717304 -0.1804447 -0.1717304 -0.1761399 -0.1432318 -0.1381698 -0.1330265 -0.1278056 -0.1482099 -0.1432319 -0.1531006
        -0.1225098 -0.1171429 -0.1117076 -0.1062077 -0.1278056 -0.1225099 -0.1330266 -0.1482099 -0.1432319 -0.1531006 -0.1672188 -0.162608
        -0.1717304 -0.162608 -0.1579009 -0.1531006 -0.1330266 -0.1381698 -0.1432319 -0.1965619 -0.1887289 -0.1804447 -0.1887289 -0.1927031
        -0.1717304 -0.162608 -0.1531006 -0.1579009 -0.162608 -0.1672188 -0.1717304 -0.1761399 -0.1804447 -0.1846419 -0.1761399 -0.1717304
        -0.1804447 -0.1761399 -0.1804447 -0.1846419 -0.1672188 -0.1717304 -0.1887289 -0.1927031 -0.1965619 -0.2003029 -0.1846419 -0.1887289
        -0.1804447 -0.1672188 -0.1717304 -0.162608 -0.1482099 -0.1531006 -0.1579009 -0.162608 -0.1804447 -0.1761399 -0.1717304 -0.2039237
        -0.2074219 -0.2107953 -0.2140416 -0.2003029 -0.2039237 -0.1965619 -0.217159 -0.2201451 -0.2229983 -0.217159 -0.2107953 -0.2039237
        -0.1965619 -0.1887289 -0.1804447 -0.1887289 -0.1927031 -0.1965619 -0.2107953 -0.2074219 -0.2039237 -0.1717304 -0.162608 -0.1531006
        -0.1432319 -0.1531006 -0.1579009 -0.162608 -0.1330266 -0.1225099 -0.1117077 -0.1171429 -0.1225099 -0.1278056 -0.1330266 -0.1381698
        -0.1432319 -0.1531006 -0.1432319 -0.1482099 -0.1381698 -0.1330266 -0.1432319 -0.1965619 -0.1927031 -0.1887289 -0.1804447 -0.1887289
        -0.1846419 -0.1804447 -0.1761399 -0.1717304 -0.1672188 -0.162608 -0.1579009 -0.1531006 -0.162608 -0.1717304 -0.1804447 -0.1717304
        -0.1761399 -0.2496949 -0.2499237 -0.2493137 -0.2472588 -0.2480953 -0.2462716 -0.2480953 -0.2487804 -0.2493137 -0.2424124 -0.2438476
        -0.2408296 -0.2352065 -0.2372254 -0.2330446 -0.2372254 -0.2391002 -0.2408296 -0.2408296 -0.2424124 -0.2438476 -0.2438476 -0.2451343
        -0.2462716 -0.2480953 -0.2462716 -0.2472588 -0.2451343 -0.2438476 -0.2462716 -0.2257165 -0.2282981 -0.2229983 -0.2140416 -0.217159
        -0.2107953 -0.217159 -0.2201451 -0.2229983 -0.2003029 -0.2039237 -0.1965619 -0.1846419 -0.1887289 -0.1804447 -0.1887289 -0.1927031
        -0.1965619 -0.1965619 -0.2003029 -0.2039237 -0.2039237 -0.2074219 -0.2107953 -0.217159 -0.2107953 -0.2140416 -0.2074219 -0.2039237
        -0.2107953 -0.2107953 -0.2140416 -0.217159 -0.217159 -0.2201451 -0.2229983 -0.2282981 -0.2229983 -0.2257165 -0.2229983 -0.2257165
        -0.2282981 -0.2282981 -0.2307413 -0.2330446 -0.2372254 -0.2330446 -0.2352065 -0.2408296 -0.2372254 -0.2391002 -0.2438476 -0.2408296
        -0.2424124 -0.2352065 -0.2372254 -0.2330446 -0.2282981 -0.2330446 -0.2307413 -0.2307413 -0.2282981 -0.2257165 -0.2352065 -0.2330446
        -0.2229983 -0.2201451 -0.217159 -0.2229983 -0.2282981 -0.2330446 -0.2372254 -0.2408296 -0.2391002 -0.2372254 -0.2282981 -0.2307413
        -0.2330446 -0.1672188 -0.1717304 -0.162608 -0.1482099 -0.1531006 -0.1432319 -0.1531006 -0.1579009 -0.162608 -0.1278056 -0.1330266
        -0.1225099 -0.1062077 -0.1117077 -0.1006462 -0.1117077 -0.1171429 -0.1225099 -0.1225099 -0.1278056 -0.1330266 -0.1330266 -0.1381698
        -0.1432319 -0.1531006 -0.1432319 -0.1482099 -0.1381698 -0.1330266 -0.1432319 -0.0836267 -0.08935235 -0.07785313 -0.06027916 -0.06617592
        -0.05434823 -0.06617592 -0.07203505 -0.07785313 -0.03638492 -0.04239766 -0.03035179 -0.01216445 -0.01823804 -0.006084131 -0.01823825 -0.02430171
        -0.03035169 -0.03035194 -0.03638491 -0.04239756 -0.04239781 -0.04838657 -0.05434814 -0.06617591 -0.05434823 -0.06027916 -0.04838658 -0.04239766
        -0.05434823 -0.05434839 -0.06027915 -0.06617582 -0.06617608 -0.07203505 -0.07785303 -0.08935235 -0.07785312 -0.0836267 -0.07785329 -0.08362669
        -0.08935226 -0.08935252 -0.09502666 -0.1006461 -0.1117077 -0.1006462 -0.1062077 -0.1225099 -0.1117077 -0.1171429 -0.1330266 -0.1225099
        -0.1278056 -0.1062077 -0.1117077 -0.1006462 -0.08935235 -0.1006462 -0.09502666 -0.09502666 -0.08935235 -0.0836267 -0.1062077 -0.1006462
        -0.07785313 -0.07203505 -0.06617591 -0.07785312 -0.08935235 -0.1006462 -0.1117077 -0.1225099 -0.1171429 -0.1117077 -0.08935235 -0.09502666
        -0.1006462 -0.1006464 -0.1062077 -0.1117076 -0.1117079 -0.1171429 -0.1225098 -0.1330266 -0.1225099 -0.1278056 -0.1225101 -0.1278056
        -0.1330265 -0.1330268 -0.1381698 -0.1432318 -0.1531006 -0.1432319 -0.1482099 -0.162608 -0.1531006 -0.1579009 -0.1717304 -0.162608
        -0.1672188 -0.1482099 -0.1531006 -0.1432319 -0.1330266 -0.1432319 -0.1381698 -0.1432321 -0.1482099 -0.1531005 -0.1531007 -0.1579009
        -0.1626079 -0.1717304 -0.162608 -0.1672188 -0.1626081 -0.1672188 -0.1717303 -0.1717305 -0.1761399 -0.1804446 -0.1887289 -0.1804447
        -0.1846419 -0.1965619 -0.1887289 -0.1927031 -0.2039237 -0.1965619 -0.2003029 -0.1846419 -0.1887289 -0.1804447 -0.1717304 -0.1804447
        -0.1761399 -0.2107953 -0.2039237 -0.2074219 -0.217159 -0.2107953 -0.2140416 -0.2003029 -0.2039237 -0.1965619 -0.2229983 -0.217159
        -0.2201451 -0.2282981 -0.2229983 -0.2257165 -0.2140416 -0.217159 -0.2107953 -0.2003029 -0.2039237 -0.1965619 -0.1846419 -0.1887289
        -0.1804447 -0.1887289 -0.1927031 -0.1965619 -0.2107953 -0.2074219 -0.2039237 -0.1531006 -0.162608 -0.1717304 -0.162608 -0.1579009
        -0.1804447 -0.1887289 -0.1965619 -0.1927031 -0.1887289 -0.1846419 -0.1804447 -0.1761399 -0.1717304 -0.1672188 -0.1761399 -0.1804447
        -0.1717304 -0.1761399 -0.1717304 -0.1672188 -0.1846419 -0.1804447 -0.162608 -0.1579009 -0.1531006 -0.1482099 -0.1672188 -0.162608
        -0.1717304 -0.1846419 -0.1804447 -0.1887289 -0.2003029 -0.1965619 -0.1927031 -0.1887289 -0.1717304 -0.1761399 -0.1804447 -0.1432319
        -0.1381698 -0.1330266 -0.1278056 -0.1482099 -0.1432319 -0.1531006 -0.1225099 -0.1171429 -0.1117077 -0.1225099 -0.1330266 -0.1432319
        -0.1531006 -0.162608 -0.1717304 -0.162608 -0.1579009 -0.1531006 -0.1330266 -0.1381698 -0.1432319 -0.1804447 -0.1887289 -0.1965619
        -0.2039237 -0.1965619 -0.1927031 -0.1887289 -0.2107953 -0.217159 -0.2229983 -0.2201451 -0.217159 -0.2140416 -0.2107953 -0.2074219
        -0.2039237 -0.1965619 -0.2039237 -0.2003029 -0.2074219 -0.2107953 -0.2039237 -0.1531006 -0.1579009 -0.162608 -0.1717304 -0.162608
        -0.1672188 -0.1717304 -0.1761399 -0.1804447 -0.1846419 -0.1887289 -0.1927031 -0.1965619 -0.1887289 -0.1804447 -0.1717304 -0.1804447
        -0.1761399 -0.1804448 -0.1846419 -0.1887289 -0.1887291 -0.1927031 -0.1965619 -0.2039237 -0.1965619 -0.2003029 -0.1965621 -0.2003029
        -0.2039236 -0.2039238 -0.2074219 -0.2107952 -0.217159 -0.2107953 -0.2140416 -0.2229983 -0.217159 -0.2201451 -0.2282981 -0.2229983
        -0.2257165 -0.2140416 -0.217159 -0.2107953 -0.2039237 -0.2107953 -0.2074219 -0.2107954 -0.2140416 -0.2171589 -0.2171591 -0.2201451
        -0.2229982 -0.2282981 -0.2229983 -0.2257165 -0.2229984 -0.2257165 -0.2282981 -0.2282982 -0.2307413 -0.2330446 -0.2372254 -0.2330446
        -0.2352064 -0.2408296 -0.2372254 -0.2391002 -0.2438476 -0.2408296 -0.2424124 -0.2352064 -0.2372254 -0.2330446 -0.2282981 -0.2330446
        -0.2307413 -0.2462716 -0.2438476 -0.2451343 -0.2480953 -0.2462716 -0.2472588 -0.2424124 -0.2438476 -0.2408296 -0.2493137 -0.2480953
        -0.2487804 -0.2499237 -0.2493137 -0.2496949 -0.2472588 -0.2480953 -0.2462716 -0.2424124 -0.2438476 -0.2408296 -0.2352064 -0.2372254
        -0.2330446 -0.2372254 -0.2391002 -0.2408296 -0.2462716 -0.2451343 -0.2438476 -0.217159 -0.2229983 -0.2282981 -0.2229983 -0.2201451
        -0.2330446 -0.2372254 -0.2408296 -0.2391002 -0.2372254 -0.2352064 -0.2330446 -0.2307413 -0.2282981 -0.2257165 -0.2307413 -0.2330446
        -0.2282981 -0.2330447 -0.2352064 -0.2372254 -0.2372255 -0.2391002 -0.2408295 -0.2438476 -0.2408296 -0.2424124 -0.2408296 -0.2424124
        -0.2438476 -0.2438477 -0.2451343 -0.2462716 -0.2480953 -0.2462716 -0.2472588 -0.2493137 -0.2480953 -0.2487803 -0.2499237 -0.2493137
        -0.2496949 -0.2472588 -0.2480953 -0.2462716 -0.2438476 -0.2462716 -0.2451343 -0.2462717 -0.2472588 -0.2480952 -0.2480953 -0.2487803
        -0.2493137 -0.2499237 -0.2493137 -0.2496949 -0.2493137 -0.2496949 -0.2499237 -0.2499237 -0.25 -0.2499237 -0.2496949 -0.2493137
        -0.2487803 -0.2480952 -0.2472588 -0.2496949 -0.2493137 -0.2499237 -0.2499237 -0.2499237 -0.25 -0.2462716 -0.2451343 -0.2438476
        -0.2424124 -0.2472588 -0.2462716 -0.2480953 -0.2408295 -0.2391002 -0.2372254 -0.2352064 -0.2424124 -0.2408296 -0.2438476 -0.2472588
        -0.2462716 -0.2480953 -0.2496949 -0.2493137 -0.2499237 -0.2493137 -0.2487803 -0.2480953 -0.2438476 -0.2451343 -0.2462716 -0.2480953
        -0.2493137 -0.2499237 -0.2493137 -0.2487803 -0.2499237 -0.2493137 -0.2480953 -0.2487803 -0.2493137 -0.2496949 -0.2499237 -0.25
        -0.2499237 -0.2496949 -0.25 -0.2499237 -0.2499237 -0.2330446 -0.2307413 -0.2282981 -0.2257165 -0.2352064 -0.2330446 -0.2372254
        -0.2229982 -0.2201451 -0.2171589 -0.2140416 -0.2257165 -0.2229983 -0.2282981 -0.2352064 -0.2330446 -0.2372254 -0.2424124 -0.2408296
        -0.2438476 -0.2408296 -0.2391002 -0.2372254 -0.2282981 -0.2307413 -0.2330446 -0.2107952 -0.2074219 -0.2039236 -0.2003029 -0.2140416
        -0.2107953 -0.217159 -0.1965619 -0.1927031 -0.1887289 -0.1846419 -0.2003029 -0.1965619 -0.2039237 -0.2140416 -0.2107953 -0.217159
        -0.2257165 -0.2229983 -0.2282981 -0.2229983 -0.2201451 -0.217159 -0.2039237 -0.2074219 -0.2107953 -0.2352064 -0.2330446 -0.2372254
        -0.2424124 -0.2408296 -0.2438476 -0.2408296 -0.2391002 -0.2372254 -0.2472588 -0.2462716 -0.2480953 -0.2496949 -0.2493137 -0.2499237
        -0.2493137 -0.2487804 -0.2480953 -0.2480953 -0.2472588 -0.2462716 -0.2462716 -0.2451343 -0.2438476 -0.2408296 -0.2438476 -0.2424124
        -0.2451343 -0.2462716 -0.2438476 -0.217159 -0.2201451 -0.2229983 -0.2282981 -0.2229983 -0.2257165 -0.2282981 -0.2307413 -0.2330446
        -0.2352064 -0.2372254 -0.2391002 -0.2408296 -0.2372254 -0.2330446 -0.2282981 -0.2330446 -0.2307413 -0.2372254 -0.2408296 -0.2438476
        -0.2408296 -0.2391002 -0.2462716 -0.2480953 -0.2493137 -0.2499237 -0.2493137 -0.2487803 -0.2480953 -0.2480953 -0.2472588 -0.2462716
        -0.2462716 -0.2451343 -0.2438476 -0.2424124 -0.2451343 -0.2462716 -0.2438476 -0.2499237 -0.2493137 -0.2480953 -0.2462716 -0.2480953
        -0.2487803 -0.2493137 -0.2438476 -0.2408296 -0.2372254 -0.2391002 -0.2408296 -0.2424124 -0.2438476 -0.2451343 -0.2462716 -0.2480953
        -0.2462716 -0.2472588 -0.2451343 -0.2438476 -0.2462716 -0.2472588 -0.2480953 -0.2487804 -0.2493137 -0.2499237 -0.2493137 -0.2496949
        -0.2496949 -0.2499237 -0.25 -0.2499237 -0.2496949 -0.2493137 -0.2487804 -0.2480953 -0.2472588 -0.2496949 -0.2493137 -0.2499237
        -0.2499237 -0.2499237 -0.25 -0.25 -0.2499237 -0.2496949 -0.2496949 -0.2499237 -0.2493137 -0.2487804 -0.2480953 -0.2493137
        -0.2499237 -0.2499237 -0.2493137 -0.2480953 -0.2487804 -0.2493137 -0.2499237 -0.25 -0.2499237 -0.25 -0.2499237 -0.2496949
        -0.2496949 -0.2499237 -0.2493137 -0.2487804 -0.2480953 -0.2472588 -0.2496949 -0.2493137 -0.2499237 -0.2496949 -0.2499237 -0.2493137
        -0.2472588 -0.2480953 -0.2487804 -0.2493137 -0.2499237 -0.25 -0.2499237 -0.2462716 -0.2451343 -0.2438476 -0.2424124 -0.2472588
        -0.2462716 -0.2480953 -0.2408296 -0.2391002 -0.2372254 -0.2352065 -0.2424124 -0.2408296 -0.2438476 -0.2472588 -0.2462716 -0.2480953
        -0.2496949 -0.2493137 -0.2499237 -0.2493137 -0.2487804 -0.2480953 -0.2438476 -0.2451343 -0.2462716 -0.2496949 -0.2499237 -0.2493137
        -0.2472588 -0.2480953 -0.2462716 -0.2480953 -0.2487804 -0.2493137 -0.2424124 -0.2438476 -0.2408296 -0.2352065 -0.2372254 -0.2391002
        -0.2408296 -0.2424124 -0.2438476 -0.2451343 -0.2462716 -0.2480953 -0.2462716 -0.2472588 -0.2451343 -0.2438476 -0.2462716 -0.2480953
        -0.2487804 -0.2493137 -0.2499237 -0.2493137 -0.2496949 -0.2499237 -0.25 -0.2499237 -0.2496949 -0.2493137 -0.2487804 -0.2480953
        -0.2493137 -0.2499237 -0.2499237 -0.2499237 -0.25 -0.2330446 -0.2307413 -0.2282981 -0.2257165 -0.2352065 -0.2330446 -0.2372254
        -0.2229983 -0.2201451 -0.217159 -0.2140416 -0.2257165 -0.2229983 -0.2282981 -0.2352065 -0.2330446 -0.2372254 -0.2424124 -0.2408296
        -0.2438476 -0.2408296 -0.2391002 -0.2372254 -0.2282981 -0.2307413 -0.2330446 -0.2107953 -0.2074219 -0.2039237 -0.2003029 -0.2140416
        -0.2107953 -0.217159 -0.1965619 -0.1927031 -0.1887289 -0.1965619 -0.2039237 -0.2107953 -0.217159 -0.2229983 -0.2282981 -0.2229983
        -0.2201451 -0.217159 -0.2039237 -0.2074219 -0.2107953 -0.2330446 -0.2372254 -0.2408296 -0.2438476 -0.2408296 -0.2391002 -0.2372254
        -0.2462716 -0.2480953 -0.2493137 -0.2499237 -0.2493137 -0.2487804 -0.2480953 -0.2480953 -0.2472588 -0.2462716 -0.2462716 -0.2451343
        -0.2438476 -0.2408296 -0.2438476 -0.2424124 -0.2451343 -0.2462716 -0.2438476 -0.217159 -0.2201451 -0.2229983 -0.2282981 -0.2229983
        -0.2257165 -0.2282981 -0.2307413 -0.2330446 -0.2352065 -0.2372254 -0.2391002 -0.2408296 -0.2372254 -0.2330446 -0.2282981 -0.2330446
        -0.2307413 -0.2499237 -0.2493137 -0.2480953 -0.2462716 -0.2480953 -0.2487804 -0.2493137 -0.2438476 -0.2408296 -0.2372254 -0.2330446
        -0.2372254 -0.2391002 -0.2408296 -0.2408296 -0.2424124 -0.2438476 -0.2438476 -0.2451343 -0.2462716 -0.2480953 -0.2462716 -0.2472588
        -0.2451343 -0.2438476 -0.2462716 -0.2282981 -0.2229983 -0.217159 -0.2107953 -0.217159 -0.2201451 -0.2229983 -0.2039237 -0.1965619
        -0.1887289 -0.1927031 -0.1965619 -0.2003029 -0.2039237 -0.2074219 -0.2107953 -0.217159 -0.2107953 -0.2140416 -0.2074219 -0.2039237
        -0.2107953 -0.2140416 -0.217159 -0.2201451 -0.2229983 -0.2282981 -0.2229983 -0.2257165 -0.2257165 -0.2282981 -0.2307413 -0.2330446
        -0.2372254 -0.2330446 -0.2352065 -0.2408296 -0.2372254 -0.2391002 -0.2438476 -0.2408296 -0.2424124 -0.2352065 -0.2372254 -0.2330446
        -0.2282981 -0.2330446 -0.2307413 -0.2307413 -0.2282981 -0.2257165 -0.2352065 -0.2330446 -0.2229983 -0.2201451 -0.217159 -0.2229983
        -0.2282981 -0.2330446 -0.2372254 -0.2408296 -0.2391002 -0.2372254 -0.2282981 -0.2307413 -0.2330446 -0.2372254 -0.2391002 -0.2408296
        -0.2438476 -0.2408296 -0.2424124 -0.2438476 -0.2451343 -0.2462716 -0.2480953 -0.2462716 -0.2472588 -0.2493137 -0.2480953 -0.2487804
        -0.2499237 -0.2493137 -0.2480953 -0.2462716 -0.2438476 -0.2462716 -0.2451343 -0.2472588 -0.2480953 -0.2487804 -0.2493137 -0.2499237
        -0.2493137 -0.2496949 -0.2496949 -0.2499237 -0.25 -0.2499237 -0.2496949 -0.2493137 -0.2487804 -0.2480953 -0.2472588 -0.2496949
        -0.2493137 -0.2499237 -0.2499237 -0.2499237 -0.25 -0.2462716 -0.2451343 -0.2438476 -0.2424124 -0.2472588 -0.2462716 -0.2480953
        -0.2408296 -0.2391002 -0.2372254 -0.2408296 -0.2438476 -0.2462716 -0.2480953 -0.2493137 -0.2499237 -0.2493137 -0.2487804 -0.2480953
        -0.2438476 -0.2451343 -0.2462716 -0.2480953 -0.2493137 -0.2499237 -0.2493137 -0.2487804 -0.2499237 -0.2493137 -0.2480953 -0.2487804
        -0.2493137 -0.2496949 -0.2499237 -0.25 -0.2499237 -0.2496949 -0.25 -0.2499237 -0.2499237 -7.788741e-10 -0.00608376 -7.788413e-10
        -0.006083834 -0.006083829 -0.01823797 -0.01216432 -7.788376e-10 -0.006083827 -0.006083826 -7.788369e-10 -0.006083826 -0.006083825 -0.01823804 -0.0121643
        -0.01823804 -0.03035175 -0.02430166 -0.03035175 -0.04239755 -0.03638489 -0.03035167 -0.02430167 -0.0121643 -0.01823804 -0.01823805 -7.788368e-10
        -0.006083825 -0.006083825 -7.788367e-10 -0.006083825 -0.006083825 -0.01823803 -0.01216429 -0.01823803 -7.788367e-10 -0.006083825 -0.006083824 -7.788367e-10
        -0.006083824 -0.006083824 -0.01823803 -0.01216429 -0.01823803 -0.03035174 -0.02430165 -0.03035174 -0.04239762 -0.03638487 -0.04239762 -0.03035174
        -0.03035174 -0.02430165 -0.01216429 -0.01823803 -0.01823803 -0.0543482 -0.04838655 -0.05434821 -0.0661759 -0.06027914 -0.0661759 -0.05434821
        -0.05434821 -0.04838655 -0.07785312 -0.07203504 -0.07785312 -0.08935226 -0.08362669 -0.07785303 -0.07203504 -0.06617582 -0.06027914 -0.05434813
        -0.04838656 -0.04838656 -0.05434821 -0.05434821 -0.0661759 -0.0661759 -0.06027914 -0.01216429 -0.01823803 -0.02430165 -0.02430165 -0.01823803
        -0.03035174 -0.03638487 -0.04239763 -0.04239763 -0.04239763 -0.04239763 -0.04239763 -0.04239763 -0.03638488 -0.03035174 -0.03035174 -0.03638488
        -0.03035174 -7.788367e-10 -0.006083824 -0.006083824 -7.788367e-10 -0.006083824 -0.006083824 -0.01823803 -0.01216429 -0.01823803 -7.788367e-10 -0.006083824
        -0.006083824 -7.788367e-10 -0.006083824 -0.006083824 -0.01823803 -0.01216429 -0.01823803 -0.03035174 -0.02430165 -0.03035174 -0.04239762 -0.03638487
        -0.04239762 -0.03035174 -0.03035174 -0.02430165 -0.01216429 -0.01823803 -0.01823803 -7.788366e-10 -0.006083824 -0.006083824 -7.788366e-10 -0.006083824
        -0.006083824 -0.01823803 -0.01216429 -0.01823803 -7.788366e-10 -0.006083824 -0.006083824 -7.788366e-10 -0.006083824 -0.006083824 -0.01823803 -0.01216429
        -0.01823803 -0.03035173 -0.02430165 -0.03035174 -0.04239762 -0.03638487 -0.04239762 -0.03035174 -0.03035174 -0.02430165 -0.01216429 -0.01823803
        -0.01823803 -0.0543482 -0.04838655 -0.0543482 -0.06617589 -0.06027913 -0.06617589 -0.0543482 -0.0543482 -0.04838655 -0.07785311 -0.07203503
        -0.07785311 -0.08935234 -0.08362668 -0.08935234 -0.07785311 -0.07785311 -0.07203503 -0.06617589 -0.06617589 -0.06027913 -0.0543482 -0.0543482
        -0.04838655 -0.04838655 -0.0543482 -0.0543482 -0.06617589 -0.06617589 -0.06027913 -0.01216429 -0.01823803 -0.02430165 -0.02430165 -0.01823803
        -0.03035174 -0.03638487 -0.04239762 -0.04239762 -0.04239762 -0.04239762 -0.04239762 -0.04239762 -0.03638487 -0.03035174 -0.03035174 -0.03638487
        -0.03035174 -0.1006462 -0.09502665 -0.1006462 -0.1117077 -0.1062077 -0.1117077 -0.1006462 -0.1006462 -0.09502665 -0.1225099 -0.1171429
        -0.1225099 -0.1330266 -0.1278056 -0.1330266 -0.1225099 -0.1225099 -0.1171429 -0.1117077 -0.1117077 -0.1062077 -0.1006462 -0.1006462
        -0.09502665 -0.09502665 -0.1006462 -0.1006462 -0.1117077 -0.1117077 -0.1062077 -0.1432319 -0.1381698 -0.1432319 -0.1531006 -0.1482099
        -0.1531006 -0.1432319 -0.1432319 -0.1381698 -0.162608 -0.1579009 -0.162608 -0.1717303 -0.1672188 -0.1626079 -0.1579009 -0.1531005
        -0.1482099 -0.1432318 -0.1381698 -0.1381698 -0.1432319 -0.1432319 -0.1531006 -0.1531006 -0.1482099 -0.1330265 -0.1278056 -0.1225099
        -0.1171429 -0.1171429 -0.1225099 -0.1225099 -0.1117076 -0.1062077 -0.1006462 -0.09502666 -0.09502666 -0.1006462 -0.1006462 -0.09502665
        -0.1006462 -0.1006462 -0.09502665 -0.1006462 -0.1006462 -0.1117077 -0.1062077 -0.1117077 -0.1117077 -0.1062077 -0.1117077 -0.1330266
        -0.1330266 -0.1330266 -0.1225099 -0.1278056 -0.1330266 -0.1330266 -0.1330266 -0.1278056 -0.1225099 -0.1171429 -0.1117077 -0.1062077
        -0.1117077 -0.1171429 -0.1278056 -0.1225099 -0.1225099 -0.01216429 -0.01823803 -0.02430165 -0.02430165 -0.01823803 -0.03035174 -0.03638487
        -0.04239762 -0.04838655 -0.04838655 -0.04239762 -0.04239762 -0.04838655 -0.04239762 -0.04239762 -0.04838655 -0.04239762 -0.03638487 -0.03035174
        -0.03035174 -0.03638487 -0.03035174 -0.0543482 -0.06027913 -0.06617589 -0.07203503 -0.07203503 -0.06617589 -0.06617589 -0.07785311 -0.08362669
        -0.08935234 -0.08935234 -0.08935234 -0.08935234 -0.08935234 -0.08935234 -0.08935234 -0.07785311 -0.08362669 -0.07785311 -0.07785311 -0.08362669
        -0.07785311 -0.08935234 -0.08935234 -0.08935234 -0.08935234 -0.07785311 -0.08362669 -0.07785311 -0.08935234 -0.08935234 -0.08935234 -0.08362669
        -0.07785311 -0.07203504 -0.0661759 -0.06027914 -0.0543482 -0.0661759 -0.0661759 -0.07203504 -0.08362669 -0.07785311 -0.07785311 -0.0543482
        -0.06027913 -0.06617589 -0.0543482 -0.0543482 -0.07203503 -0.07785311 -0.08362669 -0.07785311 -0.07203504 -0.0661759 -0.06027914 -0.0543482
        -0.0543482 -0.0543482 -0.06617589 -0.0661759 -0.06027913 -7.788366e-10 -0.006083824 -0.006083824 -7.788366e-10 -0.006083824 -0.006083824 -0.01823803
        -0.01216429 -0.01823803 -7.788366e-10 -0.006083824 -0.006083824 -7.788366e-10 -0.006083824 -0.006083824 -0.01823803 -0.01216429 -0.01823803 -0.03035174
        -0.02430165 -0.03035174 -0.04239762 -0.03638487 -0.04239762 -0.03035173 -0.03035174 -0.02430165 -0.01216429 -0.01823803 -0.01823803 -7.788367e-10
        -0.006083824 -0.006083824 -7.788367e-10 -0.006083824 -0.006083824 -0.01823803 -0.01216429 -0.01823803 -7.788367e-10 -0.006083824 -0.006083824 -7.788367e-10
        -0.006083824 -0.006083824 -0.01823803 -0.01216429 -0.01823803 -0.03035174 -0.02430165 -0.03035174 -0.04239762 -0.03638487 -0.04239762 -0.03035174
        -0.03035174 -0.02430165 -0.01216429 -0.01823803 -0.01823803 -0.0543482 -0.04838655 -0.0543482 -0.06617589 -0.06027913 -0.06617589 -0.0543482
        -0.0543482 -0.04838655 -0.07785311 -0.07203503 -0.07785311 -0.08935234 -0.08362668 -0.08935234 -0.07785311 -0.07785311 -0.07203503 -0.06617589
        -0.06617589 -0.06027913 -0.0543482 -0.0543482 -0.04838655 -0.04838655 -0.0543482 -0.0543482 -0.06617589 -0.06617589 -0.06027913 -0.01216429
        -0.01823803 -0.02430165 -0.02430165 -0.01823803 -0.03035174 -0.03638487 -0.04239762 -0.04239762 -0.04239762 -0.04239762 -0.04239762 -0.04239762
        -0.03638487 -0.03035174 -0.03035174 -0.03638487 -0.03035174 -7.788367e-10 -0.006083824 -0.006083824 -7.788367e-10 -0.006083824 -0.006083825 -0.01823803
        -0.01216429 -0.01823803 -7.788367e-10 -0.006083825 -0.006083825 -7.788368e-10 -0.006083825 -0.006083825 -0.01823803 -0.01216429 -0.01823803 -0.03035174
        -0.02430165 -0.03035174 -0.04239762 -0.03638487 -0.04239762 -0.03035174 -0.03035174 -0.02430165 -0.01216429 -0.01823803 -0.01823803 -7.788369e-10
        -0.006083825 -0.006083826 -7.788376e-10 -0.006083826 -0.006083827 -0.01823804 -0.0121643 -0.01823804 -7.788413e-10 -0.006083829 -0.006083834 -7.788741e-10
        -0.00608376 -0.01216432 -0.01823797 -0.02430167 -0.03035167 -0.03638489 -0.04239755 -0.03035175 -0.03035175 -0.02430166 -0.0121643 -0.01823805
        -0.01823804 -0.04838656 -0.05434813 -0.06027914 -0.06617582 -0.05434821 -0.05434821 -0.04838656 -0.07203504 -0.07785303 -0.08362669 -0.08935226
        -0.07785312 -0.07785312 -0.07203504 -0.0661759 -0.0661759 -0.06027914 -0.0543482 -0.05434821 -0.04838655 -0.04838655 -0.05434821 -0.05434821
        -0.0661759 -0.0661759 -0.06027914 -0.01216429 -0.01823803 -0.02430165 -0.02430165 -0.01823803 -0.03035174 -0.03638488 -0.04239763 -0.04239763
        -0.04239763 -0.04239763 -0.04239763 -0.04239763 -0.03638487 -0.03035174 -0.03035174 -0.03638488 -0.03035174 -0.09502666 -0.1006462 -0.1062077
        -0.1117076 -0.1006462 -0.1006462 -0.09502666 -0.1171429 -0.1225099 -0.1278056 -0.1330265 -0.1225099 -0.1225099 -0.1171429 -0.1117077
        -0.1117077 -0.1062077 -0.1006462 -0.1006462 -0.09502665 -0.09502665 -0.1006462 -0.1006462 -0.1117077 -0.1117077 -0.1062077 -0.1381698
        -0.1432318 -0.1482099 -0.1531005 -0.1432319 -0.1432319 -0.1381698 -0.1579009 -0.1626079 -0.1672188 -0.1717303 -0.162608 -0.162608
        -0.1579009 -0.1531006 -0.1531006 -0.1482099 -0.1432319 -0.1432319 -0.1381698 -0.1381698 -0.1432319 -0.1432319 -0.1531006 -0.1531006
        -0.1482099 -0.1330266 -0.1330266 -0.1278056 -0.1225099 -0.1225099 -0.1171429 -0.1171429 -0.1225099 -0.1225099 -0.1117077 -0.1117077
        -0.1062077 -0.1006462 -0.1006462 -0.09502665 -0.09502665 -0.1006462 -0.1006462 -0.09502665 -0.1006462 -0.1006462 -0.09502665 -0.1006462
        -0.1006462 -0.1117077 -0.1062077 -0.1117077 -0.1117077 -0.1062077 -0.1117077 -0.1330266 -0.1330266 -0.1330266 -0.1225099 -0.1278056
        -0.1330266 -0.1330266 -0.1330266 -0.1278056 -0.1225099 -0.1171429 -0.1117077 -0.1062077 -0.1117077 -0.1171429 -0.1278056 -0.1225099
        -0.1225099 -0.01216429 -0.01823803 -0.02430165 -0.02430165 -0.01823803 -0.03035174 -0.03638487 -0.04239762 -0.04838655 -0.04838655 -0.04239762
        -0.04239762 -0.04838655 -0.04239762 -0.04239762 -0.04838655 -0.04239762 -0.03638487 -0.03035174 -0.03035174 -0.03638487 -0.03035174 -0.0543482
        -0.06027914 -0.0661759 -0.07203504 -0.07203504 -0.0661759 -0.0661759 -0.07785311 -0.08362669 -0.08935234 -0.08935234 -0.08935234 -0.08935234
        -0.08935234 -0.08935234 -0.08935234 -0.07785311 -0.08362669 -0.07785311 -0.07785311 -0.08362669 -0.07785311 -0.08935234 -0.08935234 -0.08935234
        -0.08935234 -0.07785311 -0.08362669 -0.07785311 -0.08935234 -0.08935234 -0.08935234 -0.08362669 -0.07785311 -0.07203503 -0.06617589 -0.06027913
        -0.0543482 -0.06617589 -0.06617589 -0.07203503 -0.08362669 -0.07785311 -0.07785311 -0.0543482 -0.06027914 -0.0661759 -0.0543482 -0.0543482
        -0.07203504 -0.07785311 -0.08362669 -0.07785311 -0.07203503 -0.06617589 -0.06027913 -0.0543482 -0.0543482 -0.0543482 -0.0661759 -0.06617589
        -0.06027913 -0.17614 -0.1804447 -0.1846419 -0.1887289 -0.1804447 -0.1804447 -0.17614 -0.1927031 -0.1965619 -0.2003029 -0.2039236
        -0.1965619 -0.1965619 -0.1927031 -0.1887289 -0.1887289 -0.1846419 -0.1804447 -0.1804447 -0.17614 -0.17614 -0.1804447 -0.1804447
        -0.1887289 -0.1887289 -0.1846419 -0.2074219 -0.2107952 -0.2140417 -0.2171589 -0.2107953 -0.2107953 -0.2074219 -0.2201452 -0.2229983
        -0.2257165 -0.2282981 -0.2229983 -0.2229983 -0.2201452 -0.217159 -0.217159 -0.2140417 -0.2107953 -0.2107953 -0.2074219 -0.2074219
        -0.2107953 -0.2107953 -0.217159 -0.217159 -0.2140417 -0.2039237 -0.2039237 -0.2003029 -0.1965619 -0.1965619 -0.1927031 -0.1927031
        -0.1965619 -0.1965619 -0.1887289 -0.1887289 -0.1846419 -0.1804447 -0.1804447 -0.1761399 -0.17614 -0.1804447 -0.1804447 -0.17614
        -0.1804447 -0.1804447 -0.17614 -0.1804447 -0.1804447 -0.1887289 -0.1846419 -0.1887289 -0.1887289 -0.1846419 -0.1887289 -0.2039237
        -0.2039237 -0.2039237 -0.1965619 -0.2003029 -0.2039237 -0.2039237 -0.2039237 -0.2003029 -0.1965619 -0.1927031 -0.1887289 -0.1846419
        -0.1887289 -0.1927031 -0.2003029 -0.1965619 -0.1965619 -0.2307414 -0.2330446 -0.2352065 -0.2372254 -0.2330446 -0.2330446 -0.2307414
        -0.2391002 -0.2408296 -0.2424124 -0.2438476 -0.2408296 -0.2408296 -0.2391002 -0.2372254 -0.2372254 -0.2352065 -0.2330446 -0.2330446
        -0.2307413 -0.2307413 -0.2330446 -0.2330446 -0.2372254 -0.2372254 -0.2352065 -0.2451343 -0.2462716 -0.2472588 -0.2480953 -0.2462716
        -0.2462716 -0.2451343 -0.2487804 -0.2493137 -0.2496949 -0.2493137 -0.2487804 -0.2480953 -0.2472588 -0.2462716 -0.2451343 -0.2451343
        -0.2462716 -0.2462716 -0.2480953 -0.2480953 -0.2472588 -0.2438476 -0.2424124 -0.2408296 -0.2391002 -0.2391002 -0.2408296 -0.2408296
        -0.2372254 -0.2352065 -0.2330446 -0.2307414 -0.2307414 -0.2330446 -0.2330446 -0.2307413 -0.2330446 -0.2330446 -0.2307413 -0.2330446
        -0.2330446 -0.2372254 -0.2352065 -0.2372254 -0.2372254 -0.2352065 -0.2372254 -0.2438476 -0.2438476 -0.2438476 -0.2408296 -0.2424124
        -0.2438476 -0.2438476 -0.2438476 -0.2424124 -0.2408296 -0.2391002 -0.2372254 -0.2352065 -0.2372254 -0.2391002 -0.2424124 -0.2408296
        -0.2408296 -0.2282981 -0.2257165 -0.2229983 -0.2201452 -0.2201452 -0.2229983 -0.2229983 -0.2171589 -0.2140417 -0.2107952 -0.2074219
        -0.2074219 -0.2107953 -0.2107953 -0.2074219 -0.2107953 -0.2107953 -0.2074219 -0.2107953 -0.2107953 -0.217159 -0.2140417 -0.217159
        -0.217159 -0.2140417 -0.217159 -0.2039236 -0.2003029 -0.1965619 -0.1927031 -0.1927031 -0.1965619 -0.1965619 -0.1887289 -0.1846419
        -0.1804447 -0.17614 -0.17614 -0.1804447 -0.1804447 -0.17614 -0.1804447 -0.1804447 -0.17614 -0.1804447 -0.1804447 -0.1887289
        -0.1846419 -0.1887289 -0.1887289 -0.1846419 -0.1887289 -0.17614 -0.1804447 -0.1804447 -0.17614 -0.1804447 -0.1804447 -0.1887289
        -0.1846419 -0.1887289 -0.17614 -0.1804447 -0.1804447 -0.1761399 -0.1804447 -0.1804447 -0.1887289 -0.1846419 -0.1887289 -0.1965619
        -0.1927031 -0.1965619 -0.2039237 -0.2003029 -0.2039237 -0.1965619 -0.1965619 -0.1927031 -0.1846419 -0.1887289 -0.1887289 -0.2039237
        -0.2003029 -0.1965619 -0.2039237 -0.2039237 -0.1927031 -0.1887289 -0.1846419 -0.1887289 -0.1927031 -0.1965619 -0.2003029 -0.2039237
        -0.2039237 -0.2039237 -0.1965619 -0.1965619 -0.2003029 -0.2282981 -0.2282981 -0.2282981 -0.2229983 -0.2257165 -0.2282981 -0.2282981
        -0.2282981 -0.2282981 -0.2229983 -0.2257165 -0.2229983 -0.217159 -0.2201452 -0.217159 -0.2107953 -0.2140417 -0.217159 -0.2201452
        -0.2257165 -0.2229983 -0.2229983 -0.2282981 -0.2282981 -0.2282981 -0.2282981 -0.2229983 -0.2257165 -0.2229983 -0.2282981 -0.2282981
        -0.2282981 -0.2257165 -0.2229983 -0.2201452 -0.217159 -0.2140417 -0.2107953 -0.217159 -0.217159 -0.2201452 -0.2257165 -0.2229983
        -0.2229983 -0.2074219 -0.2039237 -0.2003029 -0.1965619 -0.2039237 -0.2039237 -0.2074219 -0.1927031 -0.1887289 -0.1846419 -0.1887289
        -0.1927031 -0.1965619 -0.2003029 -0.2039237 -0.2074219 -0.2074219 -0.2039237 -0.2039237 -0.1965619 -0.1965619 -0.2003029 -0.2257165
        -0.2229983 -0.2201452 -0.2201452 -0.2229983 -0.217159 -0.2140417 -0.2107953 -0.2107953 -0.2107953 -0.2107953 -0.2107953 -0.2107953
        -0.2140417 -0.217159 -0.217159 -0.2140417 -0.217159 -0.01216429 -0.01823803 -0.02430165 -0.02430165 -0.01823803 -0.03035173 -0.03638487
        -0.04239762 -0.04838655 -0.04838655 -0.04239762 -0.04239762 -0.04838655 -0.04239762 -0.04239762 -0.04838655 -0.04239762 -0.03638487 -0.03035173
        -0.03035173 -0.03638487 -0.03035173 -0.0543482 -0.06027913 -0.06617589 -0.07203503 -0.07203503 -0.06617589 -0.06617589 -0.07785311 -0.08362668
        -0.08935234 -0.09502665 -0.09502665 -0.08935234 -0.08935234 -0.09502665 -0.08935234 -0.08935234 -0.09502665 -0.08935234 -0.08935234 -0.07785311
        -0.08362668 -0.07785311 -0.07785311 -0.08362668 -0.07785311 -0.09502665 -0.08935234 -0.08935234 -0.09502665 -0.08935234 -0.08935234 -0.07785311
        -0.08362668 -0.07785311 -0.09502665 -0.08935234 -0.08935234 -0.09502665 -0.08935234 -0.08362668 -0.07785311 -0.07203503 -0.06617589 -0.06027913
        -0.0543482 -0.06617589 -0.06617589 -0.07203503 -0.08362668 -0.07785311 -0.07785311 -0.0543482 -0.06027913 -0.06617589 -0.0543482 -0.0543482
        -0.07203503 -0.07785311 -0.08362668 -0.07785311 -0.07203503 -0.06617589 -0.06027913 -0.0543482 -0.0543482 -0.0543482 -0.06617589 -0.06617589
        -0.06027913 -0.1006462 -0.1062077 -0.1117077 -0.1171429 -0.1171429 -0.1117077 -0.1117077 -0.1225099 -0.1278056 -0.1330266 -0.1381698
        -0.1381698 -0.1330266 -0.1330266 -0.1381698 -0.1330266 -0.1330266 -0.1381698 -0.1330266 -0.1330266 -0.1225099 -0.1278056 -0.1225099
        -0.1225099 -0.1278056 -0.1225099 -0.1432319 -0.1482099 -0.1531006 -0.1579009 -0.1579009 -0.1531006 -0.1531006 -0.162608 -0.1672188
        -0.1717304 -0.1717304 -0.1717304 -0.1717304 -0.1717304 -0.1717304 -0.1717304 -0.162608 -0.1672188 -0.162608 -0.162608 -0.1672188
        -0.162608 -0.1717304 -0.1717304 -0.1717304 -0.1717304 -0.162608 -0.1672188 -0.162608 -0.1717304 -0.1717304 -0.1717304 -0.1717304
        -0.162608 -0.1672188 -0.162608 -0.1531006 -0.1579009 -0.1531006 -0.1432319 -0.1482099 -0.1432319 -0.1531006 -0.1531006 -0.1579009
        -0.1672188 -0.162608 -0.162608 -0.1432319 -0.1482099 -0.1531006 -0.1432319 -0.1432319 -0.1579009 -0.162608 -0.1672188 -0.162608
        -0.1579009 -0.1531006 -0.1482099 -0.1432319 -0.1432319 -0.1432319 -0.1531006 -0.1531006 -0.1482099 -0.1717304 -0.1717304 -0.1717304
        -0.1717304 -0.162608 -0.1672188 -0.162608 -0.1717304 -0.1717304 -0.1717304 -0.1717304 -0.162608 -0.1672188 -0.162608 -0.1531006
        -0.1579009 -0.1531006 -0.1432319 -0.1482099 -0.1432319 -0.1531006 -0.1531006 -0.1579009 -0.1672188 -0.162608 -0.162608 -0.1717304
        -0.1717304 -0.1717304 -0.1717304 -0.162608 -0.1672188 -0.162608 -0.1717304 -0.1717304 -0.1717304 -0.1672188 -0.162608 -0.1579009
        -0.1531006 -0.1482099 -0.1432319 -0.1531006 -0.1531006 -0.1579009 -0.1672188 -0.162608 -0.162608 -0.1381698 -0.1330266 -0.1278056
        -0.1225099 -0.1330266 -0.1330266 -0.1381698 -0.1171429 -0.1117077 -0.1062077 -0.1006462 -0.1117077 -0.1117077 -0.1171429 -0.1225099
        -0.1225099 -0.1278056 -0.1330266 -0.1330266 -0.1381698 -0.1381698 -0.1330266 -0.1330266 -0.1225099 -0.1225099 -0.1278056 -0.1672188
        -0.162608 -0.1579009 -0.1579009 -0.162608 -0.1531006 -0.1482099 -0.1432319 -0.1432319 -0.1432319 -0.1432319 -0.1432319 -0.1432319
        -0.1482099 -0.1531006 -0.1531006 -0.1482099 -0.1531006 -0.1006462 -0.1062077 -0.1117077 -0.1006462 -0.1006462 -0.1171429 -0.1225099
        -0.1278056 -0.1330266 -0.1225099 -0.1225099 -0.1171429 -0.1117077 -0.1117077 -0.1062077 -0.1006462 -0.1006462 -0.1006462 -0.1006462
        -0.1117077 -0.1117077 -0.1062077 -0.1381698 -0.1432319 -0.1482099 -0.1531006 -0.1432319 -0.1432319 -0.1381698 -0.1579009 -0.162608
        -0.1672188 -0.162608 -0.1579009 -0.1531006 -0.1482099 -0.1432319 -0.1381698 -0.1381698 -0.1432319 -0.1432319 -0.1531006 -0.1531006
        -0.1482099 -0.1330266 -0.1278056 -0.1225099 -0.1171429 -0.1171429 -0.1225099 -0.1225099 -0.1117077 -0.1062077 -0.1006462 -0.1006462
        -0.1006462 -0.1006462 -0.1006462 -0.1006462 -0.1006462 -0.1117077 -0.1062077 -0.1117077 -0.1117077 -0.1062077 -0.1117077 -0.1330266
        -0.1330266 -0.1330266 -0.1225099 -0.1278056 -0.1330266 -0.1330266 -0.1330266 -0.1278056 -0.1225099 -0.1171429 -0.1117077 -0.1062077
        -0.1117077 -0.1171429 -0.1278056 -0.1225099 -0.1225099
